models/Grenoble_16_dalles/BDALTIV1_FXX_0910_6450_MNT_20120919_LAMB93_IGN69.asc
ncols        400
nrows        400
xllcorner    909987.50000000
yllcorner    6440012.50000000
cellsize     25.00000000
NODATA_value -99999.00
[rows 0 to 31 of 400, columns 213 to 283 of 400]
398.00 402.00 405.00 408.00 409.00 410.00 410.00 410.00 409.00 408.00 407.00 406.00 405.00 404.00 403.00 402.00 401.00 400.00 400.00 399.00 398.00 397.00 396.00 394.00 393.00 391.00 390.00 388.00 387.00 386.00 386.00 386.00 385.00 385.00 385.00 385.00 384.00 384.00 384.00 384.00 384.00 384.00 385.00 385.00 386.00 387.00 389.00 390.00 391.00 392.00 392.00 393.00 394.00 394.00 395.00 395.00 396.00 396.00 396.00 396.00 396.00 396.00 395.00 395.00 396.00 396.00 397.00 397.00 398.00 399.00 400.00
400.00 404.00 407.00 409.00 410.00 411.00 411.00 411.00 410.00 409.00 408.00 408.00 407.00 405.00 404.00 403.00 403.00 402.00 401.00 400.00 399.00 398.00 397.00 395.00 394.00 392.00 390.00 389.00 387.00 387.00 386.00 386.00 385.00 385.00 385.00 384.00 384.00 384.00 384.00 384.00 384.00 384.00 384.00 385.00 386.00 387.00 388.00 389.00 390.00 391.00 392.00 392.00 393.00 394.00 394.00 395.00 395.00 396.00 396.00 396.00 396.00 396.00 396.00 396.00 396.00 396.00 397.00 398.00 399.00 399.00 400.00
402.00 405.00 408.00 409.00 411.00 411.00 412.00 412.00 411.00 411.00 410.00 409.00 408.00 407.00 406.00 405.00 404.00 403.00 402.00 401.00 400.00 399.00 397.00 396.00 395.00 393.00 391.00 389.00 388.00 387.00 386.00 386.00 385.00 385.00 384.00 384.00 384.00 384.00 384.00 384.00 384.00 384.00 384.00 384.00 385.00 386.00 387.00 388.00 389.00 390.00 391.00 392.00 392.00 393.00 394.00 395.00 395.00 395.00 396.00 396.00 396.00 396.00 396.00 396.00 396.00 397.00 397.00 398.00 399.00 399.00 400.00
403.00 406.00 408.00 410.00 411.00 412.00 412.00 413.00 412.00 412.00 411.00 411.00 410.00 409.00 408.00 407.00 405.00 404.00 403.00 402.00 401.00 399.00 398.00 397.00 395.00 393.00 391.00 390.00 388.00 387.00 386.00 386.00 385.00 385.00 384.00 384.00 384.00 384.00 383.00 383.00 383.00 383.00 383.00 384.00 384.00 385.00 385.00 386.00 387.00 388.00 389.00 391.00 392.00 393.00 394.00 394.00 395.00 395.00 395.00 395.00 396.00 396.00 396.00 396.00 396.00 397.00 397.00 398.00 398.00 399.00 399.00
404.00 407.00 409.00 411.00 412.00 413.00 414.00 414.00 414.00 413.00 413.00 412.00 411.00 410.00 409.00 408.00 406.00 405.00 404.00 403.00 401.00 400.00 398.00 397.00 395.00 394.00 392.00 390.00 389.00 387.00 386.00 385.00 385.00 384.00 384.00 384.00 384.00 383.00 383.00 383.00 382.00 382.00 382.00 383.00 383.00 383.00 384.00 384.00 385.00 387.00 388.00 390.00 391.00 392.00 393.00 394.00 395.00 395.00 395.00 395.00 395.00 396.00 396.00 396.00 396.00 397.00 397.00 398.00 398.00 399.00 399.00
405.00 408.00 410.00 412.00 413.00 414.00 415.00 415.00 415.00 415.00 414.00 413.00 412.00 411.00 410.00 409.00 407.00 406.00 404.00 403.00 401.00 400.00 398.00 397.00 395.00 394.00 392.00 390.00 389.00 387.00 386.00 385.00 385.00 384.00 384.00 383.00 383.00 383.00 383.00 382.00 382.00 381.00 381.00 381.00 381.00 382.00 382.00 383.00 384.00 385.00 387.00 389.00 390.00 392.00 393.00 394.00 394.00 395.00 395.00 395.00 395.00 395.00 396.00 396.00 396.00 396.00 397.00 397.00 398.00 398.00 399.00
406.00 409.00 411.00 413.00 415.00 416.00 417.00 417.00 417.00 416.00 416.00 415.00 413.00 412.00 411.00 409.00 408.00 406.00 405.00 403.00 402.00 400.00 398.00 397.00 395.00 393.00 392.00 390.00 388.00 387.00 386.00 385.00 384.00 384.00 383.00 383.00 382.00 382.00 382.00 381.00 380.00 380.00 380.00 380.00 380.00 380.00 380.00 381.00 382.00 383.00 385.00 387.00 389.00 391.00 392.00 393.00 394.00 394.00 395.00 395.00 395.00 395.00 395.00 395.00 396.00 396.00 397.00 397.00 398.00 398.00 399.00
408.00 410.00 412.00 414.00 416.00 418.00 419.00 419.00 419.00 418.00 417.00 416.00 414.00 413.00 411.00 410.00 408.00 407.00 405.00 403.00 402.00 400.00 398.00 396.00 395.00 393.00 391.00 390.00 388.00 387.00 386.00 385.00 384.00 383.00 383.00 382.00 382.00 381.00 380.00 380.00 379.00 379.00 378.00 378.00 378.00 378.00 379.00 379.00 380.00 382.00 384.00 386.00 388.00 390.00 392.00 393.00 394.00 394.00 394.00 395.00 395.00 395.00 395.00 395.00 395.00 396.00 396.00 397.00 397.00 398.00 399.00
409.00 412.00 414.00 416.00 418.00 419.00 420.00 421.00 421.00 420.00 418.00 417.00 415.00 414.00 412.00 410.00 409.00 407.00 405.00 404.00 402.00 400.00 398.00 396.00 394.00 392.00 391.00 389.00 387.00 386.00 385.00 384.00 384.00 383.00 382.00 381.00 380.00 379.00 379.00 378.00 377.00 377.00 377.00 377.00 377.00 377.00 377.00 378.00 379.00 380.00 382.00 384.00 387.00 389.00 391.00 392.00 393.00 393.00 394.00 394.00 394.00 394.00 395.00 395.00 395.00 395.00 396.00 396.00 397.00 398.00 399.00
411.00 414.00 416.00 418.00 419.00 421.00 422.00 422.00 422.00 421.00 419.00 418.00 416.00 414.00 412.00 410.00 409.00 407.00 405.00 403.00 402.00 400.00 398.00 395.00 393.00 391.00 390.00 388.00 387.00 385.00 384.00 383.00 383.00 382.00 381.00 380.00 379.00 378.00 377.00 376.00 375.00 375.00 375.00 375.00 375.00 375.00 375.00 376.00 377.00 379.00 380.00 382.00 385.00 388.00 390.00 391.00 392.00 393.00 393.00 394.00 394.00 394.00 394.00 394.00 395.00 395.00 396.00 396.00 397.00 398.00 398.00
413.00 416.00 418.00 420.00 421.00 422.00 423.00 423.00 423.00 422.00 420.00 418.00 416.00 414.00 412.00 411.00 409.00 407.00 405.00 403.00 401.00 399.00 397.00 395.00 392.00 390.00 389.00 387.00 386.00 385.00 384.00 383.00 382.00 381.00 380.00 379.00 377.00 376.00 375.00 374.00 374.00 373.00 373.00 373.00 373.00 373.00 374.00 375.00 376.00 377.00 379.00 381.00 384.00 386.00 389.00 390.00 391.00 392.00 392.00 393.00 393.00 393.00 394.00 394.00 394.00 395.00 395.00 396.00 397.00 397.00 398.00
416.00 418.00 420.00 422.00 423.00 424.00 424.00 424.00 424.00 422.00 421.00 419.00 417.00 415.00 413.00 411.00 409.00 407.00 405.00 403.00 400.00 398.00 396.00 393.00 391.00 389.00 388.00 386.00 385.00 384.00 383.00 382.00 380.00 379.00 378.00 377.00 376.00 374.00 373.00 372.00 372.00 372.00 372.00 372.00 372.00 372.00 372.00 373.00 374.00 375.00 377.00 379.00 382.00 385.00 388.00 389.00 390.00 391.00 392.00 392.00 392.00 392.00 393.00 393.00 394.00 394.00 395.00 396.00 396.00 397.00 398.00
418.00 421.00 423.00 424.00 425.00 426.00 426.00 425.00 424.00 423.00 421.00 419.00 417.00 415.00 412.00 410.00 408.00 406.00 404.00 402.00 400.00 397.00 395.00 392.00 390.00 388.00 387.00 385.00 384.00 383.00 382.00 380.00 379.00 378.00 376.00 375.00 373.00 372.00 371.00 371.00 370.00 370.00 370.00 370.00 370.00 370.00 370.00 371.00 372.00 374.00 376.00 378.00 381.00 384.00 387.00 388.00 389.00 390.00 390.00 391.00 391.00 391.00 392.00 393.00 393.00 394.00 395.00 395.00 396.00 397.00 399.00
421.00 423.00 425.00 426.00 427.00 427.00 427.00 426.00 425.00 423.00 421.00 419.00 417.00 415.00 412.00 410.00 408.00 406.00 404.00 401.00 399.00 396.00 393.00 391.00 389.00 387.00 386.00 385.00 383.00 382.00 380.00 379.00 377.00 376.00 374.00 373.00 371.00 370.00 370.00 369.00 369.00 368.00 368.00 368.00 368.00 369.00 369.00 370.00 370.00 372.00 374.00 377.00 381.00 383.00 385.00 387.00 388.00 389.00 389.00 390.00 390.00 390.00 391.00 392.00 393.00 393.00 394.00 395.00 396.00 397.00 399.00
424.00 426.00 428.00 429.00 429.00 429.00 428.00 427.00 426.00 424.00 421.00 419.00 417.00 414.00 412.00 410.00 408.00 405.00 403.00 400.00 398.00 395.00 392.00 390.00 388.00 387.00 385.00 384.00 382.00 381.00 379.00 377.00 376.00 374.00 372.00 371.00 370.00 369.00 368.00 368.00 367.00 367.00 367.00 367.00 367.00 367.00 368.00 368.00 369.00 371.00 373.00 376.00 380.00 382.00 384.00 386.00 387.00 388.00 388.00 388.00 388.00 388.00 389.00 390.00 391.00 392.00 393.00 394.00 396.00 398.00 400.00
427.00 429.00 431.00 432.00 432.00 431.00 430.00 428.00 426.00 424.00 422.00 419.00 417.00 414.00 412.00 410.00 407.00 405.00 402.00 399.00 396.00 393.00 391.00 389.00 387.00 386.00 384.00 383.00 382.00 380.00 378.00 376.00 374.00 372.00 371.00 369.00 368.00 367.00 367.00 366.00 366.00 366.00 366.00 366.00 366.00 366.00 367.00 367.00 368.00 370.00 372.00 375.00 379.00 381.00 383.00 385.00 386.00 387.00 387.00 387.00 387.00 387.00 387.00 388.00 389.00 391.00 392.00 394.00 396.00 399.00 402.00
431.00 433.00 434.00 435.00 435.00 433.00 431.00 429.00 427.00 424.00 422.00 419.00 416.00 414.00 412.00 409.00 407.00 404.00 401.00 398.00 395.00 392.00 390.00 388.00 386.00 385.00 384.00 382.00 381.00 379.00 377.00 375.00 373.00 371.00 369.00 368.00 367.00 366.00 365.00 365.00 365.00 365.00 365.00 364.00 365.00 365.00 365.00 366.00 368.00 369.00 372.00 375.00 378.00 380.00 382.00 384.00 385.00 385.00 386.00 386.00 385.00 385.00 385.00 385.00 386.00 389.00 392.00 394.00 397.00 401.00 406.00
434.00 437.00 438.00 438.00 437.00 435.00 433.00 430.00 427.00 425.00 422.00 419.00 416.00 414.00 411.00 409.00 406.00 403.00 400.00 396.00 393.00 390.00 388.00 387.00 386.00 385.00 383.00 382.00 380.00 378.00 376.00 374.00 371.00 370.00 368.00 367.00 366.00 365.00 364.00 364.00 363.00 363.00 363.00 363.00 363.00 364.00 364.00 365.00 367.00 369.00 372.00 374.00 377.00 379.00 381.00 383.00 384.00 384.00 384.00 384.00 384.00 383.00 382.00 382.00 384.00 387.00 391.00 395.00 399.00 404.00 410.00
439.00 441.00 442.00 442.00 440.00 438.00 435.00 432.00 428.00 425.00 422.00 419.00 416.00 414.00 411.00 408.00 405.00 402.00 398.00 394.00 391.00 389.00 387.00 386.00 385.00 384.00 383.00 382.00 380.00 378.00 375.00 373.00 371.00 369.00 367.00 366.00 365.00 364.00 363.00 363.00 362.00 362.00 362.00 362.00 362.00 362.00 363.00 364.00 366.00 369.00 371.00 374.00 376.00 378.00 380.00 381.00 382.00 383.00 383.00 383.00 382.00 381.00 380.00 380.00 382.00 387.00 392.00 397.00 402.00 408.00 415.00
445.00 446.00 446.00 445.00 443.00 440.00 437.00 433.00 429.00 426.00 422.00 419.00 416.00 414.00 411.00 408.00 404.00 401.00 397.00 393.00 390.00 388.00 386.00 385.00 385.00 384.00 383.00 382.00 380.00 378.00 375.00 373.00 370.00 369.00 367.00 366.00 364.00 363.00 362.00 361.00 361.00 361.00 361.00 361.00 361.00 361.00 361.00 363.00 365.00 368.00 370.00 373.00 375.00 377.00 379.00 380.00 381.00 382.00 382.00 381.00 380.00 379.00 378.00 379.00 381.00 386.00 392.00 398.00 404.00 410.00 417.00
450.00 451.00 450.00 449.00 446.00 442.00 439.00 435.00 430.00 426.00 423.00 420.00 417.00 414.00 411.00 407.00 403.00 399.00 395.00 391.00 389.00 387.00 386.00 385.00 384.00 384.00 383.00 381.00 380.00 378.00 376.00 374.00 371.00 369.00 367.00 366.00 364.00 362.00 361.00 360.00 359.00 359.00 359.00 359.00 359.00 359.00 360.00 361.00 364.00 366.00 369.00 371.00 373.00 375.00 377.00 379.00 380.00 380.00 380.00 379.00 378.00 377.00 376.00 377.00 379.00 384.00 391.00 399.00 405.00 412.00 419.00
456.00 456.00 454.00 451.00 448.00 444.00 440.00 436.00 431.00 427.00 423.00 420.00 417.00 414.00 410.00 407.00 403.00 398.00 393.00 390.00 387.00 386.00 385.00 384.00 384.00 383.00 382.00 381.00 380.00 379.00 377.00 375.00 373.00 370.00 368.00 366.00 364.00 361.00 359.00 358.00 358.00 357.00 357.00 358.00 358.00 358.00 359.00 360.00 363.00 365.00 368.00 370.00 372.00 374.00 376.00 377.00 378.00 378.00 378.00 377.00 376.00 375.00 375.00 376.00 378.00 384.00 391.00 399.00 405.00 412.00 419.00
462.00 460.00 457.00 454.00 450.00 446.00 441.00 437.00 432.00 428.00 424.00 420.00 417.00 413.00 410.00 406.00 401.00 396.00 392.00 389.00 387.00 385.00 385.00 384.00 384.00 383.00 382.00 381.00 380.00 380.00 379.00 377.00 375.00 372.00 369.00 367.00 364.00 360.00 358.00 357.00 356.00 356.00 356.00 356.00 357.00 357.00 358.00 360.00 362.00 364.00 367.00 369.00 371.00 373.00 374.00 376.00 376.00 377.00 376.00 376.00 374.00 373.00 373.00 375.00 378.00 384.00 391.00 398.00 405.00 411.00 417.00
467.00 464.00 460.00 455.00 451.00 446.00 441.00 437.00 432.00 428.00 424.00 420.00 417.00 413.00 409.00 405.00 400.00 395.00 390.00 387.00 386.00 385.00 384.00 384.00 384.00 383.00 382.00 382.00 381.00 381.00 380.00 379.00 377.00 373.00 370.00 367.00 364.00 360.00 357.00 356.00 355.00 355.00 355.00 355.00 356.00 356.00 358.00 360.00 362.00 364.00 366.00 368.00 369.00 371.00 373.00 374.00 375.00 375.00 375.00 374.00 373.00 372.00 372.00 374.00 378.00 383.00 390.00 397.00 404.00 409.00 414.00
471.00 466.00 461.00 456.00 451.00 446.00 441.00 437.00 432.00 428.00 424.00 420.00 416.00 412.00 408.00 403.00 398.00 393.00 389.00 387.00 385.00 385.00 384.00 384.00 384.00 383.00 383.00 382.00 382.00 382.00 381.00 380.00 377.00 373.00 370.00 367.00 364.00 360.00 357.00 355.00 354.00 353.00 353.00 354.00 355.00 356.00 357.00 359.00 361.00 363.00 365.00 367.00 368.00 370.00 371.00 372.00 373.00 374.00 374.00 373.00 372.00 371.00 372.00 374.00 378.00 383.00 390.00 396.00 402.00 407.00 411.00
473.00 468.00 462.00 457.00 451.00 446.00 441.00 436.00 432.00 428.00 423.00 419.00 415.00 410.00 406.00 401.00 396.00 391.00 388.00 386.00 385.00 384.00 384.00 384.00 383.00 383.00 383.00 382.00 382.00 382.00 380.00 378.00 375.00 372.00 368.00 365.00 363.00 360.00 357.00 355.00 353.00 353.00 352.00 353.00 354.00 355.00 356.00 358.00 360.00 362.00 364.00 365.00 367.00 368.00 370.00 371.00 372.00 372.00 372.00 372.00 371.00 371.00 371.00 373.00 377.00 382.00 388.00 395.00 401.00 405.00 409.00
474.00 468.00 463.00 457.00 451.00 446.00 440.00 436.00 431.00 427.00 422.00 418.00 413.00 408.00 404.00 399.00 394.00 390.00 387.00 386.00 385.00 384.00 384.00 384.00 383.00 383.00 383.00 382.00 381.00 381.00 379.00 376.00 372.00 369.00 366.00 363.00 361.00 358.00 356.00 354.00 353.00 352.00 352.00 352.00 353.00 354.00 355.00 357.00 359.00 361.00 362.00 364.00 366.00 367.00 368.00 369.00 370.00 371.00 371.00 371.00 371.00 370.00 370.00 372.00 376.00 381.00 387.00 393.00 399.00 403.00 406.00
474.00 468.00 462.00 456.00 450.00 445.00 440.00 435.00 430.00 425.00 421.00 416.00 411.00 406.00 401.00 396.00 392.00 389.00 387.00 386.00 385.00 384.00 384.00 383.00 383.00 383.00 382.00 381.00 380.00 378.00 376.00 372.00 369.00 365.00 362.00 360.00 358.00 356.00 355.00 353.00 352.00 351.00 351.00 351.00 352.00 353.00 354.00 356.00 357.00 359.00 361.00 363.00 364.00 366.00 367.00 368.00 369.00 369.00 370.00 370.00 370.00 369.00 369.00 371.00 375.00 380.00 385.00 390.00 396.00 400.00 404.00
473.00 468.00 462.00 456.00 449.00 444.00 438.00 433.00 428.00 424.00 418.00 413.00 408.00 403.00 399.00 395.00 391.00 389.00 387.00 386.00 385.00 384.00 383.00 383.00 382.00 382.00 381.00 380.00 378.00 375.00 372.00 368.00 364.00 361.00 359.00 357.00 356.00 354.00 353.00 352.00 351.00 350.00 350.00 350.00 350.00 351.00 353.00 354.00 356.00 358.00 359.00 361.00 363.00 364.00 365.00 366.00 367.00 368.00 368.00 368.00 369.00 369.00 369.00 371.00 374.00 378.00 383.00 388.00 393.00 398.00 402.00
472.00 467.00 461.00 454.00 448.00 442.00 437.00 432.00 427.00 421.00 416.00 411.00 406.00 401.00 397.00 394.00 391.00 389.00 387.00 386.00 385.00 384.00 383.00 383.00 382.00 381.00 379.00 377.00 375.00 371.00 367.00 363.00 360.00 357.00 355.00 354.00 353.00 352.00 351.00 351.00 350.00 349.00 349.00 349.00 349.00 350.00 351.00 352.00 354.00 356.00 358.00 360.00 361.00 363.00 364.00 365.00 366.00 366.00 367.00 367.00 368.00 368.00 370.00 372.00 374.00 377.00 381.00 385.00 390.00 395.00 399.00
472.00 466.00 460.00 453.00 447.00 441.00 435.00 430.00 425.00 419.00 413.00 408.00 403.00 399.00 396.00 393.00 391.00 388.00 387.00 385.00 384.00 384.00 383.00 382.00 381.00 379.00 377.00 374.00 371.00 367.00 363.00 359.00 356.00 354.00 352.00 351.00 350.00 350.00 349.00 349.00 349.00 348.00 348.00 348.00 348.00 348.00 349.00 350.00 352.00 354.00 356.00 358.00 360.00 361.00 362.00 363.00 364.00 365.00 366.00 367.00 367.00 369.00 370.00 372.00 374.00 376.00 379.00 383.00 387.00 392.00 396.00
471.00 464.00 458.00 451.00 445.00 439.00 433.00 428.00 422.00 417.00 411.00 405.00 401.00 398.00 395.00 392.00 390.00 388.00 386.00 385.00 384.00 383.00 382.00 381.00 379.00 377.00 374.00 371.00 367.00 363.00 359.00 355.00 352.00 350.00 348.00 347.00 347.00 347.00 347.00 348.00 347.00 347.00 346.00 346.00 346.00 346.00 347.00 349.00 350.00 352.00 354.00 356.00 358.00 359.00 361.00 362.00 363.00 364.00 365.00 366.00 367.00 369.00 370.00 372.00 374.00 375.00 378.00 381.00 385.00 389.00 394.00
