models/Grenoble_16_dalles/BDALTIV1_FXX_0900_6470_MNT_20120919_LAMB93_IGN69.asc
ncols        400
nrows        400
xllcorner    899987.50000000
yllcorner    6460012.50000000
cellsize     25.00000000
NODATA_value -99999.00
[rows 0 to 31 of 400, columns 71 to 141 of 400]
188.00 188.00 188.00 188.00 188.00 189.00 189.00 189.00 189.00 189.00 189.00 188.00 188.00 188.00 188.00 188.00 188.00 188.00 188.00 189.00 189.00 189.00 189.00 190.00 190.00 190.00 190.00 190.00 190.00 191.00 191.00 191.00 191.00 190.00 190.00 190.00 189.00 189.00 189.00 189.00 190.00 191.00 192.00 194.00 195.00 195.00 196.00 196.00 195.00 195.00 196.00 197.00 198.00 198.00 197.00 194.00 191.00 191.00 192.00 193.00 194.00 194.00 195.00 195.00 195.00 195.00 195.00 195.00 195.00 196.00 198.00
189.00 189.00 189.00 189.00 189.00 189.00 189.00 189.00 189.00 189.00 189.00 189.00 188.00 188.00 188.00 188.00 188.00 188.00 188.00 189.00 189.00 189.00 190.00 190.00 190.00 190.00 190.00 190.00 191.00 191.00 191.00 191.00 190.00 190.00 189.00 189.00 189.00 189.00 189.00 190.00 191.00 192.00 194.00 195.00 196.00 196.00 196.00 196.00 195.00 194.00 196.00 197.00 198.00 199.00 199.00 197.00 194.00 192.00 192.00 193.00 193.00 194.00 194.00 194.00 194.00 193.00 193.00 194.00 195.00 197.00 200.00
189.00 189.00 189.00 189.00 189.00 189.00 189.00 189.00 189.00 189.00 189.00 189.00 189.00 189.00 188.00 188.00 188.00 188.00 189.00 189.00 189.00 189.00 190.00 190.00 190.00 190.00 191.00 191.00 191.00 191.00 191.00 190.00 190.00 189.00 189.00 189.00 189.00 189.00 190.00 191.00 192.00 194.00 195.00 196.00 197.00 197.00 196.00 196.00 195.00 195.00 196.00 197.00 199.00 200.00 200.00 200.00 198.00 195.00 193.00 194.00 194.00 194.00 194.00 193.00 193.00 192.00 192.00 193.00 195.00 199.00 205.00
189.00 189.00 189.00 189.00 189.00 189.00 189.00 189.00 189.00 189.00 189.00 189.00 189.00 189.00 189.00 189.00 189.00 189.00 189.00 189.00 189.00 190.00 190.00 190.00 191.00 191.00 191.00 191.00 191.00 191.00 190.00 190.00 190.00 189.00 189.00 189.00 189.00 190.00 191.00 192.00 194.00 196.00 196.00 197.00 197.00 197.00 197.00 196.00 195.00 195.00 196.00 197.00 199.00 200.00 200.00 200.00 200.00 198.00 196.00 195.00 194.00 194.00 193.00 193.00 192.00 191.00 191.00 191.00 195.00 203.00 212.00
189.00 189.00 189.00 189.00 189.00 189.00 189.00 189.00 189.00 189.00 189.00 189.00 189.00 189.00 189.00 189.00 189.00 189.00 189.00 189.00 189.00 190.00 190.00 190.00 191.00 191.00 191.00 191.00 191.00 190.00 190.00 190.00 189.00 189.00 189.00 189.00 189.00 190.00 192.00 193.00 195.00 196.00 197.00 197.00 198.00 198.00 197.00 196.00 195.00 195.00 196.00 197.00 199.00 200.00 200.00 200.00 200.00 199.00 198.00 196.00 195.00 194.00 193.00 192.00 191.00 191.00 191.00 193.00 200.00 212.00 224.00
190.00 190.00 189.00 189.00 189.00 189.00 189.00 189.00 189.00 189.00 189.00 189.00 189.00 189.00 189.00 189.00 189.00 189.00 189.00 189.00 189.00 189.00 190.00 191.00 191.00 191.00 191.00 191.00 190.00 190.00 190.00 189.00 189.00 189.00 189.00 189.00 190.00 192.00 194.00 195.00 196.00 196.00 197.00 198.00 198.00 198.00 198.00 197.00 195.00 195.00 196.00 197.00 199.00 200.00 200.00 200.00 200.00 200.00 198.00 197.00 196.00 195.00 193.00 191.00 190.00 190.00 192.00 197.00 208.00 224.00 238.00
190.00 190.00 190.00 190.00 190.00 190.00 190.00 190.00 190.00 190.00 190.00 189.00 189.00 189.00 189.00 189.00 189.00 190.00 190.00 190.00 189.00 189.00 190.00 190.00 191.00 191.00 191.00 190.00 190.00 190.00 190.00 189.00 189.00 189.00 190.00 190.00 192.00 194.00 195.00 196.00 197.00 197.00 198.00 198.00 198.00 198.00 198.00 197.00 195.00 195.00 196.00 198.00 199.00 200.00 200.00 200.00 199.00 198.00 197.00 196.00 196.00 195.00 193.00 191.00 190.00 191.00 194.00 202.00 217.00 236.00 251.00
190.00 190.00 190.00 190.00 190.00 190.00 190.00 190.00 190.00 190.00 190.00 190.00 190.00 190.00 190.00 190.00 190.00 190.00 190.00 190.00 190.00 190.00 190.00 190.00 191.00 191.00 190.00 190.00 190.00 190.00 190.00 189.00 189.00 190.00 190.00 192.00 194.00 195.00 196.00 197.00 197.00 198.00 198.00 199.00 199.00 199.00 198.00 197.00 196.00 195.00 196.00 197.00 198.00 199.00 199.00 198.00 197.00 196.00 195.00 194.00 193.00 191.00 190.00 190.00 191.00 193.00 198.00 208.00 227.00 248.00 266.00
190.00 190.00 190.00 190.00 190.00 190.00 190.00 190.00 190.00 190.00 190.00 190.00 190.00 190.00 190.00 190.00 190.00 190.00 190.00 190.00 190.00 190.00 190.00 190.00 191.00 190.00 190.00 190.00 190.00 190.00 190.00 190.00 190.00 190.00 191.00 193.00 195.00 196.00 197.00 197.00 198.00 198.00 198.00 199.00 199.00 200.00 200.00 199.00 197.00 195.00 195.00 196.00 197.00 197.00 197.00 195.00 194.00 193.00 192.00 191.00 190.00 190.00 190.00 191.00 193.00 197.00 203.00 215.00 237.00 262.00 290.00
190.00 190.00 190.00 190.00 190.00 190.00 190.00 190.00 190.00 190.00 190.00 190.00 190.00 190.00 190.00 190.00 190.00 190.00 190.00 190.00 190.00 190.00 190.00 190.00 190.00 190.00 190.00 190.00 190.00 190.00 190.00 190.00 191.00 191.00 193.00 194.00 196.00 197.00 197.00 197.00 197.00 198.00 198.00 199.00 200.00 201.00 201.00 200.00 197.00 195.00 195.00 196.00 196.00 195.00 193.00 191.00 191.00 191.00 190.00 190.00 190.00 191.00 192.00 194.00 197.00 201.00 208.00 223.00 247.00 280.00 315.00
190.00 190.00 190.00 190.00 190.00 190.00 190.00 190.00 190.00 190.00 190.00 190.00 190.00 190.00 190.00 190.00 190.00 190.00 190.00 190.00 190.00 191.00 190.00 190.00 190.00 190.00 190.00 189.00 189.00 190.00 190.00 191.00 192.00 193.00 195.00 196.00 196.00 196.00 197.00 197.00 197.00 197.00 198.00 199.00 200.00 201.00 200.00 199.00 197.00 194.00 194.00 194.00 193.00 191.00 191.00 191.00 191.00 191.00 190.00 191.00 191.00 193.00 195.00 198.00 201.00 206.00 215.00 231.00 254.00 286.00 324.00
190.00 190.00 190.00 190.00 190.00 190.00 190.00 190.00 190.00 190.00 190.00 190.00 190.00 190.00 190.00 190.00 190.00 190.00 190.00 191.00 191.00 190.00 190.00 190.00 190.00 189.00 189.00 189.00 189.00 190.00 190.00 191.00 193.00 196.00 198.00 199.00 197.00 196.00 196.00 196.00 196.00 196.00 198.00 200.00 201.00 200.00 199.00 198.00 195.00 193.00 193.00 192.00 191.00 191.00 191.00 191.00 191.00 192.00 192.00 193.00 194.00 196.00 199.00 202.00 206.00 212.00 223.00 239.00 258.00 287.00 324.00
190.00 190.00 190.00 190.00 190.00 190.00 190.00 190.00 190.00 190.00 190.00 190.00 190.00 190.00 190.00 190.00 191.00 191.00 191.00 191.00 191.00 190.00 190.00 190.00 189.00 189.00 189.00 189.00 190.00 190.00 191.00 193.00 196.00 199.00 201.00 201.00 200.00 197.00 196.00 195.00 196.00 198.00 200.00 200.00 200.00 200.00 198.00 196.00 193.00 191.00 191.00 191.00 191.00 191.00 191.00 191.00 191.00 192.00 194.00 196.00 198.00 200.00 203.00 207.00 212.00 219.00 231.00 247.00 265.00 291.00 332.00
191.00 191.00 190.00 191.00 191.00 191.00 190.00 190.00 190.00 190.00 190.00 190.00 190.00 190.00 191.00 191.00 191.00 191.00 191.00 190.00 190.00 190.00 190.00 189.00 189.00 189.00 189.00 189.00 190.00 191.00 193.00 196.00 199.00 201.00 203.00 203.00 202.00 200.00 197.00 195.00 197.00 201.00 201.00 200.00 200.00 199.00 196.00 193.00 191.00 190.00 191.00 191.00 191.00 191.00 191.00 191.00 192.00 193.00 196.00 198.00 201.00 204.00 208.00 213.00 218.00 227.00 240.00 257.00 277.00 308.00 362.00
190.00 190.00 190.00 191.00 191.00 191.00 191.00 191.00 191.00 191.00 191.00 191.00 191.00 191.00 191.00 191.00 191.00 191.00 190.00 190.00 190.00 189.00 189.00 189.00 189.00 189.00 189.00 190.00 191.00 193.00 196.00 199.00 202.00 203.00 203.00 203.00 203.00 201.00 198.00 196.00 197.00 200.00 200.00 200.00 199.00 196.00 193.00 191.00 190.00 190.00 190.00 191.00 191.00 191.00 191.00 192.00 193.00 195.00 197.00 201.00 205.00 210.00 215.00 220.00 225.00 234.00 249.00 267.00 291.00 325.00 372.00
190.00 190.00 190.00 190.00 190.00 190.00 191.00 191.00 191.00 191.00 191.00 191.00 191.00 191.00 191.00 190.00 190.00 190.00 190.00 190.00 189.00 189.00 189.00 189.00 189.00 189.00 190.00 191.00 193.00 196.00 199.00 201.00 203.00 203.00 204.00 203.00 202.00 201.00 199.00 197.00 197.00 198.00 199.00 199.00 196.00 193.00 190.00 190.00 190.00 190.00 190.00 191.00 191.00 191.00 192.00 193.00 194.00 196.00 200.00 204.00 210.00 217.00 224.00 229.00 234.00 244.00 259.00 280.00 308.00 342.00 381.00
190.00 190.00 190.00 190.00 190.00 190.00 190.00 190.00 190.00 190.00 190.00 190.00 190.00 190.00 190.00 190.00 190.00 190.00 190.00 190.00 189.00 189.00 189.00 189.00 189.00 190.00 191.00 193.00 196.00 199.00 201.00 202.00 202.00 203.00 203.00 203.00 202.00 201.00 200.00 199.00 198.00 198.00 198.00 196.00 193.00 190.00 189.00 189.00 189.00 190.00 190.00 191.00 191.00 192.00 193.00 195.00 196.00 199.00 203.00 209.00 216.00 226.00 233.00 238.00 246.00 256.00 271.00 297.00 331.00 362.00 393.00
190.00 190.00 190.00 190.00 190.00 190.00 190.00 190.00 190.00 190.00 190.00 190.00 190.00 190.00 190.00 190.00 190.00 190.00 190.00 190.00 189.00 189.00 189.00 190.00 190.00 191.00 193.00 196.00 198.00 200.00 201.00 201.00 200.00 201.00 203.00 204.00 203.00 202.00 201.00 200.00 199.00 198.00 197.00 194.00 190.00 188.00 188.00 189.00 189.00 190.00 190.00 191.00 192.00 193.00 195.00 197.00 200.00 203.00 208.00 215.00 223.00 233.00 241.00 250.00 260.00 271.00 288.00 319.00 352.00 374.00 405.00
190.00 190.00 190.00 190.00 190.00 190.00 190.00 190.00 190.00 190.00 190.00 190.00 190.00 190.00 190.00 190.00 190.00 190.00 190.00 190.00 190.00 190.00 190.00 190.00 191.00 193.00 196.00 199.00 200.00 200.00 201.00 200.00 197.00 198.00 202.00 204.00 204.00 204.00 202.00 201.00 200.00 198.00 195.00 191.00 189.00 188.00 188.00 189.00 190.00 190.00 191.00 192.00 193.00 195.00 198.00 201.00 204.00 209.00 216.00 223.00 233.00 244.00 254.00 265.00 276.00 287.00 309.00 339.00 366.00 391.00 428.00
191.00 191.00 190.00 190.00 190.00 190.00 190.00 190.00 190.00 190.00 190.00 190.00 190.00 190.00 190.00 190.00 190.00 190.00 190.00 190.00 190.00 190.00 191.00 191.00 193.00 195.00 198.00 200.00 201.00 201.00 200.00 198.00 196.00 196.00 200.00 203.00 205.00 205.00 204.00 202.00 201.00 198.00 193.00 190.00 189.00 189.00 189.00 190.00 190.00 191.00 192.00 193.00 195.00 197.00 201.00 206.00 211.00 217.00 226.00 236.00 248.00 259.00 270.00 281.00 293.00 310.00 332.00 357.00 385.00 419.00 457.00
191.00 191.00 191.00 191.00 190.00 190.00 190.00 190.00 190.00 190.00 190.00 190.00 190.00 190.00 190.00 190.00 190.00 190.00 190.00 190.00 190.00 191.00 192.00 194.00 197.00 199.00 200.00 200.00 200.00 200.00 198.00 196.00 197.00 197.00 198.00 202.00 204.00 205.00 204.00 203.00 201.00 198.00 193.00 190.00 189.00 190.00 190.00 190.00 191.00 193.00 195.00 195.00 196.00 199.00 204.00 212.00 219.00 228.00 240.00 252.00 263.00 274.00 286.00 300.00 316.00 331.00 349.00 373.00 408.00 447.00 476.00
190.00 191.00 191.00 191.00 190.00 191.00 191.00 190.00 190.00 190.00 190.00 190.00 190.00 190.00 190.00 190.00 190.00 190.00 190.00 191.00 191.00 191.00 193.00 196.00 201.00 202.00 201.00 199.00 198.00 197.00 197.00 199.00 200.00 199.00 197.00 200.00 203.00 204.00 203.00 200.00 197.00 194.00 191.00 190.00 190.00 190.00 191.00 192.00 194.00 197.00 199.00 198.00 199.00 201.00 208.00 216.00 226.00 238.00 252.00 264.00 276.00 290.00 307.00 322.00 336.00 350.00 366.00 392.00 429.00 466.00 506.00
190.00 190.00 190.00 190.00 190.00 191.00 191.00 190.00 190.00 191.00 191.00 190.00 190.00 190.00 190.00 190.00 190.00 190.00 191.00 191.00 191.00 191.00 192.00 196.00 201.00 201.00 198.00 196.00 194.00 196.00 199.00 201.00 202.00 200.00 197.00 198.00 200.00 199.00 197.00 194.00 191.00 191.00 191.00 190.00 191.00 191.00 193.00 196.00 200.00 202.00 202.00 202.00 201.00 204.00 210.00 220.00 233.00 248.00 262.00 275.00 292.00 311.00 329.00 344.00 360.00 373.00 387.00 412.00 444.00 488.00 555.00
190.00 190.00 190.00 190.00 190.00 190.00 190.00 190.00 190.00 191.00 191.00 191.00 191.00 191.00 191.00 191.00 191.00 191.00 190.00 190.00 190.00 190.00 190.00 192.00 194.00 194.00 193.00 192.00 192.00 194.00 197.00 198.00 197.00 196.00 195.00 196.00 196.00 193.00 191.00 191.00 191.00 191.00 191.00 192.00 193.00 196.00 199.00 204.00 207.00 207.00 206.00 205.00 205.00 207.00 214.00 226.00 241.00 257.00 271.00 289.00 311.00 332.00 350.00 367.00 384.00 399.00 415.00 438.00 465.00 520.00 590.00
190.00 190.00 190.00 190.00 190.00 190.00 190.00 190.00 190.00 190.00 190.00 190.00 191.00 191.00 191.00 191.00 191.00 191.00 190.00 190.00 190.00 190.00 190.00 190.00 190.00 190.00 190.00 190.00 191.00 191.00 192.00 193.00 193.00 194.00 196.00 196.00 194.00 192.00 191.00 191.00 192.00 194.00 196.00 197.00 200.00 205.00 209.00 213.00 213.00 211.00 209.00 208.00 209.00 214.00 221.00 233.00 248.00 266.00 286.00 310.00 335.00 355.00 374.00 391.00 408.00 425.00 445.00 469.00 502.00 556.00 605.00
190.00 190.00 190.00 190.00 190.00 190.00 190.00 190.00 190.00 190.00 190.00 190.00 190.00 190.00 191.00 191.00 191.00 191.00 191.00 190.00 190.00 191.00 193.00 193.00 193.00 192.00 191.00 191.00 192.00 193.00 194.00 195.00 197.00 199.00 200.00 199.00 197.00 194.00 192.00 194.00 198.00 202.00 205.00 207.00 211.00 215.00 217.00 218.00 217.00 215.00 213.00 212.00 215.00 222.00 231.00 243.00 258.00 279.00 308.00 338.00 360.00 378.00 397.00 413.00 429.00 446.00 468.00 500.00 544.00 586.00 615.00
189.00 190.00 190.00 190.00 190.00 190.00 190.00 190.00 189.00 189.00 189.00 189.00 190.00 191.00 192.00 193.00 193.00 193.00 193.00 193.00 194.00 195.00 197.00 198.00 197.00 196.00 195.00 196.00 197.00 199.00 199.00 200.00 202.00 202.00 202.00 201.00 200.00 199.00 199.00 203.00 206.00 209.00 212.00 216.00 219.00 221.00 222.00 222.00 221.00 219.00 218.00 218.00 223.00 233.00 245.00 258.00 277.00 305.00 337.00 361.00 380.00 398.00 415.00 431.00 447.00 465.00 489.00 527.00 570.00 601.00 625.00
189.00 189.00 190.00 190.00 190.00 190.00 190.00 189.00 189.00 189.00 189.00 189.00 190.00 192.00 194.00 196.00 196.00 196.00 196.00 196.00 197.00 198.00 199.00 200.00 199.00 199.00 199.00 200.00 201.00 202.00 202.00 204.00 205.00 205.00 205.00 204.00 204.00 206.00 209.00 211.00 213.00 215.00 217.00 221.00 223.00 225.00 225.00 226.00 226.00 225.00 224.00 226.00 233.00 247.00 262.00 277.00 301.00 335.00 360.00 377.00 397.00 416.00 431.00 447.00 463.00 484.00 514.00 552.00 586.00 615.00 636.00
189.00 189.00 190.00 190.00 190.00 190.00 189.00 189.00 189.00 189.00 189.00 189.00 190.00 192.00 196.00 197.00 198.00 198.00 198.00 198.00 199.00 200.00 200.00 200.00 200.00 200.00 201.00 202.00 203.00 204.00 205.00 206.00 207.00 208.00 209.00 209.00 210.00 212.00 214.00 215.00 217.00 219.00 222.00 226.00 228.00 229.00 230.00 231.00 231.00 232.00 232.00 236.00 246.00 262.00 279.00 299.00 327.00 353.00 371.00 391.00 412.00 429.00 444.00 460.00 479.00 504.00 539.00 574.00 603.00 631.00 644.00
189.00 189.00 189.00 190.00 190.00 189.00 189.00 189.00 189.00 189.00 189.00 190.00 191.00 193.00 196.00 198.00 199.00 199.00 199.00 200.00 200.00 200.00 200.00 200.00 201.00 202.00 203.00 204.00 205.00 206.00 207.00 208.00 209.00 211.00 212.00 214.00 215.00 216.00 217.00 218.00 220.00 223.00 228.00 232.00 235.00 236.00 236.00 237.00 236.00 237.00 240.00 247.00 259.00 276.00 296.00 320.00 346.00 364.00 382.00 403.00 423.00 440.00 455.00 474.00 499.00 533.00 572.00 602.00 625.00 645.00 650.00
189.00 189.00 189.00 190.00 190.00 189.00 189.00 189.00 189.00 189.00 189.00 190.00 191.00 194.00 196.00 198.00 199.00 200.00 200.00 200.00 200.00 200.00 200.00 201.00 202.00 203.00 205.00 206.00 207.00 208.00 209.00 210.00 212.00 214.00 215.00 217.00 218.00 219.00 220.00 222.00 225.00 229.00 235.00 239.00 242.00 244.00 245.00 245.00 244.00 245.00 249.00 258.00 272.00 290.00 311.00 337.00 357.00 372.00 391.00 414.00 433.00 450.00 468.00 494.00 532.00 575.00 607.00 628.00 642.00 650.00 653.00
189.00 189.00 189.00 190.00 190.00 190.00 189.00 189.00 189.00 189.00 190.00 191.00 192.00 195.00 197.00 198.00 199.00 200.00 200.00 200.00 200.00 200.00 201.00 203.00 204.00 205.00 207.00 208.00 209.00 210.00 211.00 213.00 215.00 217.00 218.00 220.00 221.00 222.00 224.00 227.00 230.00 235.00 240.00 245.00 249.00 253.00 254.00 254.00 253.00 254.00 257.00 266.00 281.00 301.00 325.00 347.00 364.00 380.00 400.00 421.00 442.00 462.00 488.00 524.00 568.00 603.00 622.00 636.00 645.00 650.00 654.00
