models/Grenoble_16_dalles/BDALTIV1_FXX_0900_6440_MNT_20120919_LAMB93_IGN69.asc
ncols        400
nrows        400
xllcorner    899987.50000000
yllcorner    6430012.50000000
cellsize     25.00000000
NODATA_value -99999.00
[rows 248 to 278 of 400, columns 68 to 135 of 400]
990.00 983.00 975.00 967.00 960.00 956.00 957.00 962.00 966.00 971.00 975.00 980.00 983.00 987.00 991.00 996.00 1001.00 1005.00 1007.00 1006.00 1000.00 990.00 976.00 961.00 946.00 933.00 925.00 926.00 931.00 936.00 939.00 939.00 936.00 932.00 927.00 922.00 918.00 914.00 909.00 904.00 898.00 892.00 890.00 892.00 894.00 896.00 896.00 894.00 891.00 886.00 881.00 879.00 880.00 882.00 883.00 884.00 885.00 886.00 889.00 892.00 897.00 902.00 908.00 914.00 922.00 931.00 939.00 948.00
989.00 983.00 976.00 969.00 962.00 955.00 954.00 956.00 960.00 964.00 969.00 974.00 978.00 983.00 987.00 992.00 997.00 1002.00 1004.00 1004.00 999.00 990.00 978.00 965.00 952.00 938.00 926.00 920.00 923.00 928.00 933.00 935.00 933.00 929.00 924.00 919.00 916.00 911.00 906.00 901.00 896.00 891.00 888.00 889.00 891.00 893.00 893.00 891.00 887.00 882.00 879.00 877.00 877.00 878.00 880.00 881.00 883.00 886.00 890.00 896.00 902.00 908.00 915.00 922.00 930.00 939.00 947.00 956.00
988.00 983.00 978.00 972.00 963.00 955.00 952.00 952.00 954.00 957.00 962.00 968.00 973.00 978.00 984.00 989.00 994.00 999.00 1002.00 1002.00 998.00 990.00 980.00 969.00 958.00 945.00 932.00 921.00 918.00 922.00 928.00 932.00 931.00 928.00 923.00 918.00 913.00 908.00 903.00 898.00 893.00 889.00 885.00 886.00 889.00 890.00 889.00 886.00 882.00 878.00 875.00 874.00 875.00 877.00 879.00 881.00 884.00 888.00 894.00 900.00 907.00 915.00 922.00 930.00 939.00 947.00 956.00 967.00
986.00 982.00 978.00 972.00 964.00 956.00 951.00 949.00 949.00 951.00 955.00 962.00 968.00 975.00 980.00 986.00 991.00 996.00 999.00 999.00 996.00 989.00 981.00 972.00 963.00 952.00 938.00 924.00 915.00 918.00 925.00 929.00 930.00 928.00 922.00 917.00 912.00 906.00 901.00 896.00 891.00 887.00 883.00 884.00 886.00 887.00 885.00 881.00 878.00 874.00 873.00 874.00 876.00 879.00 882.00 885.00 888.00 893.00 899.00 906.00 914.00 922.00 930.00 938.00 947.00 956.00 966.00 977.00
984.00 981.00 977.00 972.00 966.00 958.00 951.00 946.00 945.00 946.00 949.00 956.00 963.00 971.00 977.00 983.00 988.00 992.00 995.00 995.00 992.00 988.00 981.00 974.00 967.00 955.00 941.00 926.00 914.00 914.00 921.00 927.00 929.00 927.00 923.00 917.00 911.00 905.00 899.00 894.00 889.00 885.00 881.00 881.00 883.00 882.00 879.00 876.00 873.00 871.00 872.00 876.00 880.00 883.00 887.00 890.00 895.00 899.00 905.00 913.00 922.00 931.00 939.00 948.00 956.00 966.00 976.00 988.00
982.00 978.00 975.00 971.00 966.00 959.00 950.00 943.00 940.00 940.00 944.00 951.00 959.00 967.00 974.00 980.00 985.00 988.00 990.00 990.00 988.00 985.00 980.00 974.00 967.00 956.00 942.00 928.00 914.00 910.00 918.00 925.00 927.00 927.00 924.00 918.00 912.00 905.00 898.00 892.00 887.00 883.00 878.00 876.00 876.00 876.00 874.00 871.00 869.00 870.00 874.00 880.00 885.00 889.00 893.00 898.00 902.00 908.00 914.00 922.00 932.00 941.00 950.00 958.00 966.00 976.00 986.00 997.00
979.00 975.00 972.00 969.00 965.00 958.00 949.00 940.00 935.00 934.00 939.00 947.00 956.00 964.00 971.00 977.00 981.00 984.00 985.00 985.00 984.00 981.00 977.00 972.00 965.00 954.00 942.00 928.00 915.00 908.00 915.00 922.00 926.00 926.00 924.00 920.00 913.00 905.00 898.00 890.00 884.00 879.00 875.00 872.00 870.00 869.00 868.00 867.00 868.00 872.00 878.00 884.00 890.00 896.00 901.00 906.00 911.00 918.00 925.00 934.00 944.00 953.00 961.00 969.00 977.00 985.00 995.00 1005.00
975.00 971.00 968.00 965.00 961.00 955.00 946.00 937.00 930.00 928.00 934.00 943.00 952.00 961.00 968.00 973.00 977.00 979.00 980.00 980.00 979.00 977.00 973.00 968.00 961.00 951.00 939.00 927.00 914.00 906.00 912.00 920.00 924.00 926.00 925.00 921.00 914.00 906.00 897.00 888.00 881.00 876.00 871.00 868.00 866.00 864.00 864.00 866.00 870.00 876.00 883.00 890.00 897.00 903.00 909.00 914.00 921.00 929.00 938.00 948.00 957.00 965.00 972.00 980.00 988.00 995.00 1004.00 1013.00
972.00 968.00 964.00 961.00 957.00 950.00 942.00 933.00 926.00 923.00 930.00 939.00 949.00 958.00 964.00 969.00 972.00 974.00 976.00 975.00 974.00 972.00 968.00 963.00 955.00 945.00 934.00 923.00 911.00 903.00 909.00 918.00 923.00 926.00 927.00 923.00 915.00 906.00 896.00 886.00 878.00 872.00 867.00 864.00 862.00 862.00 863.00 867.00 873.00 881.00 889.00 896.00 904.00 911.00 917.00 923.00 931.00 941.00 951.00 961.00 970.00 977.00 983.00 990.00 998.00 1005.00 1013.00 1022.00
969.00 965.00 961.00 957.00 952.00 946.00 938.00 930.00 923.00 920.00 926.00 936.00 945.00 953.00 959.00 964.00 967.00 970.00 971.00 971.00 969.00 966.00 962.00 957.00 949.00 939.00 928.00 916.00 905.00 897.00 904.00 917.00 924.00 927.00 927.00 923.00 915.00 905.00 893.00 883.00 874.00 868.00 863.00 861.00 860.00 862.00 866.00 871.00 877.00 885.00 894.00 902.00 911.00 918.00 925.00 932.00 941.00 951.00 962.00 973.00 982.00 988.00 994.00 1000.00 1007.00 1014.00 1022.00 1031.00
967.00 963.00 958.00 954.00 948.00 942.00 935.00 927.00 921.00 917.00 923.00 933.00 941.00 949.00 955.00 960.00 962.00 965.00 966.00 967.00 965.00 962.00 956.00 950.00 941.00 931.00 920.00 908.00 896.00 889.00 899.00 917.00 925.00 928.00 927.00 922.00 913.00 903.00 891.00 880.00 871.00 864.00 860.00 858.00 860.00 864.00 871.00 876.00 882.00 890.00 899.00 908.00 917.00 925.00 932.00 940.00 950.00 960.00 972.00 983.00 993.00 999.00 1004.00 1009.00 1015.00 1022.00 1031.00 1042.00
965.00 961.00 956.00 951.00 945.00 939.00 932.00 924.00 917.00 914.00 920.00 930.00 938.00 945.00 951.00 955.00 958.00 960.00 962.00 962.00 960.00 956.00 950.00 943.00 933.00 923.00 912.00 900.00 888.00 882.00 896.00 917.00 927.00 929.00 926.00 920.00 910.00 899.00 887.00 876.00 866.00 860.00 857.00 858.00 862.00 869.00 877.00 882.00 888.00 896.00 904.00 913.00 922.00 931.00 940.00 949.00 958.00 969.00 981.00 992.00 1001.00 1008.00 1013.00 1017.00 1023.00 1031.00 1041.00 1054.00
963.00 959.00 954.00 948.00 943.00 936.00 929.00 921.00 913.00 910.00 919.00 928.00 935.00 942.00 947.00 951.00 953.00 956.00 957.00 957.00 955.00 951.00 944.00 936.00 926.00 916.00 905.00 893.00 883.00 878.00 894.00 914.00 924.00 927.00 925.00 917.00 906.00 893.00 881.00 870.00 861.00 856.00 856.00 859.00 866.00 875.00 882.00 887.00 893.00 901.00 909.00 918.00 928.00 937.00 947.00 956.00 966.00 977.00 989.00 999.00 1009.00 1015.00 1020.00 1025.00 1031.00 1040.00 1052.00 1066.00
960.00 956.00 951.00 946.00 940.00 934.00 928.00 920.00 912.00 913.00 920.00 926.00 933.00 938.00 943.00 947.00 949.00 951.00 952.00 952.00 950.00 945.00 939.00 930.00 921.00 910.00 899.00 888.00 879.00 874.00 890.00 907.00 918.00 922.00 920.00 911.00 899.00 886.00 874.00 863.00 857.00 854.00 856.00 863.00 872.00 880.00 886.00 892.00 899.00 906.00 914.00 923.00 933.00 943.00 953.00 963.00 973.00 984.00 996.00 1007.00 1016.00 1023.00 1028.00 1033.00 1040.00 1050.00 1062.00 1075.00
956.00 952.00 948.00 943.00 938.00 933.00 927.00 920.00 912.00 912.00 916.00 923.00 930.00 935.00 939.00 943.00 946.00 947.00 948.00 947.00 944.00 940.00 933.00 926.00 916.00 906.00 895.00 884.00 876.00 870.00 883.00 897.00 907.00 912.00 910.00 901.00 889.00 877.00 866.00 857.00 853.00 854.00 859.00 867.00 877.00 884.00 891.00 897.00 903.00 910.00 918.00 927.00 937.00 948.00 958.00 969.00 979.00 990.00 1002.00 1014.00 1024.00 1031.00 1036.00 1041.00 1049.00 1060.00 1072.00 1083.00
952.00 949.00 945.00 940.00 935.00 931.00 926.00 919.00 912.00 908.00 911.00 919.00 926.00 931.00 936.00 940.00 942.00 943.00 943.00 942.00 939.00 934.00 928.00 921.00 913.00 903.00 893.00 883.00 874.00 867.00 874.00 885.00 894.00 899.00 897.00 888.00 878.00 867.00 858.00 852.00 851.00 855.00 863.00 872.00 882.00 890.00 896.00 902.00 908.00 914.00 922.00 931.00 941.00 952.00 962.00 973.00 984.00 995.00 1008.00 1021.00 1033.00 1040.00 1044.00 1050.00 1059.00 1069.00 1080.00 1090.00
949.00 946.00 942.00 937.00 933.00 928.00 924.00 918.00 911.00 904.00 907.00 914.00 921.00 927.00 933.00 937.00 939.00 940.00 939.00 937.00 933.00 929.00 924.00 917.00 910.00 902.00 893.00 885.00 876.00 865.00 867.00 874.00 882.00 886.00 884.00 876.00 867.00 858.00 851.00 849.00 852.00 859.00 868.00 879.00 887.00 895.00 901.00 907.00 912.00 918.00 926.00 935.00 945.00 956.00 966.00 976.00 987.00 1000.00 1014.00 1028.00 1039.00 1047.00 1052.00 1059.00 1067.00 1076.00 1086.00 1096.00
946.00 943.00 939.00 935.00 930.00 925.00 921.00 916.00 909.00 901.00 903.00 909.00 916.00 923.00 929.00 934.00 936.00 937.00 936.00 933.00 929.00 924.00 919.00 914.00 908.00 902.00 895.00 889.00 880.00 864.00 861.00 865.00 871.00 873.00 870.00 864.00 857.00 851.00 848.00 850.00 856.00 864.00 874.00 884.00 893.00 900.00 906.00 912.00 917.00 923.00 931.00 939.00 949.00 959.00 969.00 980.00 991.00 1003.00 1018.00 1032.00 1044.00 1052.00 1059.00 1066.00 1074.00 1082.00 1092.00 1101.00
943.00 940.00 937.00 933.00 928.00 923.00 919.00 913.00 906.00 898.00 899.00 905.00 912.00 919.00 926.00 931.00 934.00 934.00 932.00 929.00 925.00 920.00 915.00 911.00 906.00 902.00 897.00 892.00 884.00 868.00 858.00 858.00 860.00 860.00 858.00 854.00 850.00 848.00 849.00 854.00 862.00 871.00 880.00 889.00 897.00 905.00 911.00 917.00 922.00 928.00 935.00 944.00 953.00 962.00 973.00 983.00 994.00 1007.00 1021.00 1035.00 1046.00 1055.00 1063.00 1070.00 1078.00 1087.00 1096.00 1106.00
939.00 937.00 935.00 931.00 927.00 923.00 917.00 911.00 903.00 895.00 895.00 899.00 906.00 914.00 922.00 927.00 931.00 931.00 929.00 926.00 921.00 917.00 912.00 908.00 905.00 901.00 898.00 893.00 886.00 873.00 860.00 853.00 852.00 852.00 850.00 847.00 846.00 848.00 853.00 860.00 869.00 878.00 886.00 893.00 901.00 909.00 915.00 921.00 927.00 933.00 940.00 948.00 956.00 966.00 976.00 987.00 998.00 1010.00 1023.00 1036.00 1047.00 1057.00 1065.00 1073.00 1081.00 1091.00 1101.00 1111.00
935.00 934.00 932.00 930.00 927.00 923.00 918.00 910.00 901.00 893.00 889.00 893.00 900.00 908.00 916.00 923.00 926.00 927.00 926.00 923.00 919.00 914.00 910.00 906.00 903.00 900.00 896.00 892.00 886.00 875.00 862.00 853.00 848.00 847.00 845.00 843.00 844.00 851.00 859.00 867.00 876.00 883.00 891.00 898.00 905.00 912.00 919.00 925.00 931.00 937.00 944.00 951.00 960.00 969.00 979.00 990.00 1001.00 1012.00 1024.00 1036.00 1047.00 1058.00 1067.00 1076.00 1085.00 1095.00 1105.00 1116.00
931.00 930.00 929.00 928.00 927.00 924.00 918.00 909.00 898.00 887.00 883.00 886.00 893.00 901.00 909.00 916.00 921.00 922.00 922.00 919.00 916.00 911.00 907.00 903.00 900.00 897.00 894.00 889.00 883.00 874.00 862.00 852.00 846.00 845.00 844.00 842.00 846.00 855.00 866.00 875.00 882.00 889.00 895.00 901.00 908.00 915.00 922.00 928.00 934.00 940.00 947.00 954.00 963.00 973.00 983.00 993.00 1004.00 1015.00 1025.00 1036.00 1048.00 1059.00 1069.00 1079.00 1089.00 1099.00 1109.00 1120.00
927.00 926.00 926.00 926.00 925.00 923.00 917.00 908.00 896.00 886.00 880.00 880.00 885.00 892.00 900.00 908.00 913.00 916.00 917.00 915.00 913.00 909.00 904.00 900.00 897.00 894.00 890.00 886.00 880.00 871.00 861.00 850.00 843.00 844.00 843.00 839.00 845.00 857.00 871.00 882.00 888.00 894.00 899.00 905.00 911.00 918.00 924.00 931.00 937.00 943.00 950.00 957.00 966.00 976.00 986.00 997.00 1007.00 1017.00 1027.00 1038.00 1049.00 1061.00 1072.00 1082.00 1093.00 1103.00 1114.00 1125.00
923.00 922.00 922.00 923.00 922.00 919.00 913.00 905.00 896.00 887.00 880.00 877.00 878.00 883.00 891.00 898.00 904.00 908.00 911.00 911.00 909.00 906.00 902.00 897.00 893.00 889.00 887.00 883.00 877.00 868.00 858.00 848.00 840.00 840.00 840.00 837.00 844.00 860.00 875.00 885.00 892.00 897.00 902.00 908.00 914.00 920.00 927.00 933.00 940.00 946.00 953.00 960.00 969.00 979.00 989.00 1000.00 1010.00 1019.00 1030.00 1040.00 1052.00 1063.00 1075.00 1086.00 1096.00 1107.00 1118.00 1130.00
921.00 919.00 918.00 919.00 917.00 914.00 908.00 902.00 895.00 889.00 883.00 878.00 875.00 875.00 881.00 888.00 895.00 900.00 904.00 906.00 905.00 903.00 900.00 895.00 889.00 885.00 883.00 880.00 872.00 863.00 854.00 845.00 836.00 833.00 834.00 838.00 848.00 863.00 877.00 887.00 894.00 900.00 905.00 910.00 916.00 922.00 929.00 936.00 942.00 948.00 955.00 963.00 972.00 982.00 992.00 1003.00 1012.00 1022.00 1033.00 1043.00 1055.00 1067.00 1078.00 1090.00 1101.00 1112.00 1124.00 1136.00
924.00 920.00 918.00 917.00 913.00 909.00 904.00 898.00 893.00 888.00 886.00 881.00 876.00 873.00 875.00 879.00 886.00 892.00 897.00 900.00 901.00 900.00 898.00 894.00 888.00 883.00 880.00 876.00 866.00 857.00 848.00 840.00 832.00 831.00 835.00 843.00 854.00 867.00 879.00 888.00 896.00 902.00 907.00 912.00 918.00 925.00 932.00 938.00 945.00 951.00 958.00 966.00 975.00 985.00 996.00 1005.00 1015.00 1025.00 1036.00 1047.00 1059.00 1071.00 1082.00 1094.00 1105.00 1116.00 1129.00 1142.00
930.00 927.00 924.00 921.00 917.00 913.00 906.00 899.00 891.00 886.00 886.00 885.00 879.00 874.00 871.00 872.00 876.00 883.00 889.00 894.00 896.00 897.00 896.00 894.00 890.00 885.00 879.00 871.00 861.00 850.00 842.00 835.00 828.00 832.00 840.00 849.00 859.00 870.00 880.00 889.00 896.00 902.00 908.00 914.00 920.00 927.00 934.00 941.00 948.00 955.00 962.00 970.00 979.00 988.00 999.00 1009.00 1018.00 1028.00 1039.00 1051.00 1062.00 1075.00 1086.00 1098.00 1109.00 1121.00 1134.00 1148.00
938.00 936.00 932.00 930.00 927.00 921.00 913.00 903.00 891.00 883.00 880.00 883.00 882.00 876.00 870.00 867.00 868.00 873.00 881.00 886.00 891.00 894.00 895.00 894.00 892.00 887.00 880.00 871.00 859.00 848.00 839.00 833.00 826.00 832.00 843.00 853.00 862.00 872.00 881.00 889.00 896.00 903.00 909.00 916.00 923.00 930.00 937.00 944.00 951.00 958.00 966.00 974.00 983.00 993.00 1003.00 1012.00 1022.00 1032.00 1043.00 1055.00 1067.00 1079.00 1091.00 1102.00 1114.00 1126.00 1139.00 1153.00
948.00 945.00 942.00 938.00 934.00 928.00 920.00 907.00 893.00 883.00 878.00 878.00 878.00 874.00 868.00 864.00 861.00 863.00 870.00 878.00 885.00 890.00 893.00 894.00 893.00 890.00 883.00 873.00 861.00 850.00 841.00 832.00 824.00 831.00 844.00 855.00 864.00 872.00 880.00 888.00 896.00 904.00 911.00 918.00 925.00 933.00 940.00 948.00 955.00 962.00 971.00 979.00 988.00 998.00 1007.00 1017.00 1027.00 1037.00 1048.00 1060.00 1071.00 1083.00 1095.00 1107.00 1119.00 1131.00 1144.00 1157.00
957.00 954.00 950.00 945.00 940.00 934.00 925.00 912.00 898.00 886.00 879.00 875.00 873.00 870.00 867.00 862.00 856.00 852.00 857.00 867.00 877.00 884.00 889.00 892.00 893.00 890.00 885.00 877.00 865.00 853.00 841.00 831.00 822.00 829.00 843.00 855.00 864.00 872.00 880.00 888.00 897.00 905.00 913.00 920.00 928.00 936.00 944.00 951.00 959.00 967.00 976.00 985.00 994.00 1004.00 1013.00 1023.00 1033.00 1043.00 1054.00 1065.00 1077.00 1088.00 1100.00 1112.00 1124.00 1136.00 1149.00 1162.00
966.00 962.00 956.00 950.00 944.00 937.00 928.00 917.00 904.00 892.00 883.00 877.00 873.00 869.00 865.00 860.00 854.00 846.00 846.00 852.00 863.00 876.00 884.00 889.00 891.00 890.00 886.00 880.00 868.00 853.00 839.00 828.00 819.00 827.00 841.00 853.00 863.00 871.00 880.00 889.00 898.00 906.00 915.00 923.00 932.00 940.00 948.00 956.00 964.00 972.00 981.00 991.00 1000.00 1010.00 1019.00 1029.00 1039.00 1049.00 1060.00 1072.00 1083.00 1094.00 1105.00 1116.00 1128.00 1140.00 1153.00 1167.00
