models/Grenoble_16_dalles/BDALTIV1_FXX_0900_6470_MNT_20120919_LAMB93_IGN69.asc
ncols        400
nrows        400
xllcorner    899987.50000000
yllcorner    6460012.50000000
cellsize     25.00000000
NODATA_value -99999.00
[rows 0 to 31 of 400, columns 213 to 283 of 400]
191.00 191.00 191.00 192.00 193.00 193.00 194.00 195.00 196.00 196.00 197.00 197.00 198.00 198.00 199.00 200.00 201.00 202.00 203.00 203.00 205.00 206.00 207.00 208.00 209.00 210.00 211.00 212.00 213.00 215.00 216.00 217.00 219.00 219.00 220.00 222.00 224.00 226.00 228.00 229.00 231.00 232.00 233.00 235.00 237.00 239.00 241.00 242.00 242.00 244.00 246.00 249.00 251.00 252.00 251.00 253.00 257.00 262.00 267.00 272.00 278.00 284.00 291.00 300.00 311.00 322.00 333.00 344.00 355.00 362.00 368.00
191.00 191.00 192.00 192.00 193.00 194.00 194.00 195.00 196.00 196.00 197.00 197.00 198.00 199.00 199.00 200.00 201.00 202.00 203.00 204.00 205.00 206.00 207.00 208.00 209.00 210.00 211.00 212.00 213.00 214.00 216.00 217.00 218.00 219.00 221.00 222.00 224.00 226.00 228.00 230.00 232.00 233.00 234.00 236.00 238.00 239.00 241.00 242.00 242.00 243.00 245.00 247.00 249.00 251.00 252.00 254.00 258.00 262.00 266.00 271.00 278.00 285.00 292.00 300.00 310.00 319.00 329.00 341.00 352.00 361.00 367.00
192.00 192.00 192.00 193.00 193.00 194.00 195.00 195.00 196.00 196.00 197.00 197.00 198.00 199.00 199.00 200.00 201.00 202.00 203.00 204.00 205.00 206.00 207.00 208.00 209.00 210.00 211.00 212.00 213.00 214.00 215.00 217.00 218.00 220.00 221.00 223.00 225.00 226.00 228.00 230.00 232.00 233.00 235.00 236.00 238.00 239.00 241.00 242.00 242.00 242.00 243.00 245.00 249.00 251.00 252.00 254.00 257.00 260.00 264.00 269.00 277.00 285.00 293.00 302.00 310.00 318.00 327.00 337.00 348.00 358.00 365.00
192.00 192.00 193.00 193.00 194.00 194.00 195.00 195.00 196.00 197.00 197.00 198.00 198.00 199.00 199.00 200.00 201.00 202.00 203.00 204.00 205.00 206.00 207.00 208.00 210.00 211.00 212.00 213.00 214.00 214.00 216.00 217.00 219.00 220.00 222.00 223.00 225.00 227.00 228.00 230.00 231.00 233.00 235.00 236.00 238.00 239.00 241.00 242.00 242.00 241.00 242.00 244.00 246.00 248.00 249.00 251.00 254.00 258.00 262.00 267.00 276.00 287.00 297.00 305.00 311.00 317.00 325.00 334.00 344.00 353.00 361.00
192.00 192.00 193.00 193.00 194.00 194.00 195.00 196.00 196.00 197.00 197.00 198.00 198.00 199.00 199.00 200.00 201.00 202.00 203.00 204.00 206.00 207.00 208.00 209.00 210.00 211.00 212.00 213.00 214.00 215.00 216.00 218.00 219.00 221.00 222.00 224.00 225.00 227.00 228.00 229.00 231.00 232.00 234.00 236.00 237.00 239.00 240.00 241.00 241.00 241.00 241.00 243.00 245.00 246.00 247.00 249.00 252.00 255.00 260.00 266.00 277.00 290.00 300.00 306.00 311.00 317.00 324.00 333.00 342.00 349.00 356.00
192.00 192.00 193.00 193.00 194.00 195.00 195.00 196.00 197.00 197.00 198.00 198.00 198.00 199.00 199.00 200.00 201.00 202.00 203.00 204.00 206.00 207.00 208.00 209.00 210.00 211.00 212.00 213.00 215.00 216.00 217.00 218.00 219.00 221.00 222.00 224.00 225.00 227.00 228.00 229.00 230.00 232.00 233.00 235.00 236.00 238.00 239.00 240.00 240.00 241.00 242.00 243.00 244.00 245.00 246.00 247.00 249.00 253.00 258.00 265.00 277.00 291.00 300.00 306.00 310.00 316.00 323.00 332.00 341.00 347.00 353.00
191.00 192.00 193.00 193.00 194.00 195.00 195.00 196.00 197.00 197.00 198.00 198.00 199.00 199.00 199.00 200.00 201.00 202.00 203.00 204.00 206.00 207.00 208.00 209.00 210.00 211.00 212.00 214.00 215.00 216.00 217.00 219.00 220.00 221.00 222.00 224.00 226.00 227.00 228.00 229.00 230.00 231.00 233.00 234.00 236.00 237.00 238.00 239.00 241.00 241.00 242.00 243.00 243.00 244.00 244.00 245.00 247.00 250.00 255.00 262.00 275.00 289.00 298.00 303.00 307.00 313.00 321.00 331.00 340.00 347.00 352.00
191.00 192.00 192.00 193.00 194.00 195.00 196.00 196.00 197.00 198.00 198.00 199.00 199.00 199.00 200.00 200.00 200.00 201.00 202.00 204.00 205.00 207.00 208.00 209.00 210.00 212.00 213.00 214.00 215.00 216.00 218.00 219.00 220.00 221.00 223.00 224.00 226.00 227.00 228.00 229.00 230.00 231.00 232.00 233.00 234.00 236.00 237.00 239.00 240.00 241.00 241.00 242.00 243.00 243.00 243.00 244.00 245.00 247.00 251.00 257.00 268.00 283.00 294.00 298.00 302.00 309.00 319.00 329.00 340.00 347.00 351.00
191.00 192.00 192.00 193.00 194.00 195.00 195.00 196.00 197.00 198.00 199.00 199.00 200.00 200.00 200.00 200.00 200.00 201.00 202.00 203.00 205.00 207.00 208.00 209.00 210.00 212.00 213.00 214.00 215.00 216.00 218.00 219.00 220.00 222.00 223.00 224.00 226.00 227.00 228.00 229.00 230.00 231.00 232.00 232.00 233.00 235.00 236.00 237.00 238.00 239.00 240.00 241.00 241.00 242.00 243.00 243.00 244.00 245.00 247.00 252.00 261.00 275.00 287.00 293.00 298.00 304.00 315.00 327.00 338.00 346.00 351.00
191.00 192.00 192.00 193.00 194.00 195.00 195.00 196.00 197.00 198.00 199.00 199.00 200.00 200.00 201.00 201.00 201.00 201.00 201.00 202.00 205.00 207.00 208.00 209.00 210.00 212.00 213.00 214.00 216.00 217.00 218.00 219.00 220.00 222.00 223.00 224.00 226.00 227.00 228.00 229.00 230.00 231.00 231.00 232.00 232.00 233.00 235.00 236.00 237.00 238.00 238.00 239.00 240.00 241.00 241.00 242.00 242.00 243.00 245.00 248.00 255.00 267.00 280.00 288.00 293.00 299.00 309.00 322.00 334.00 344.00 351.00
191.00 192.00 192.00 193.00 194.00 195.00 195.00 196.00 197.00 198.00 199.00 200.00 200.00 201.00 201.00 201.00 201.00 201.00 201.00 201.00 203.00 206.00 208.00 209.00 210.00 212.00 213.00 214.00 216.00 217.00 218.00 219.00 220.00 221.00 223.00 224.00 225.00 227.00 228.00 230.00 231.00 231.00 231.00 231.00 232.00 232.00 233.00 234.00 235.00 236.00 237.00 238.00 238.00 239.00 240.00 240.00 240.00 241.00 243.00 246.00 251.00 260.00 271.00 281.00 287.00 291.00 299.00 313.00 328.00 340.00 349.00
191.00 192.00 193.00 193.00 194.00 195.00 195.00 196.00 197.00 198.00 198.00 199.00 200.00 201.00 201.00 201.00 201.00 201.00 202.00 201.00 202.00 204.00 207.00 209.00 210.00 212.00 213.00 214.00 215.00 217.00 218.00 219.00 220.00 221.00 223.00 224.00 225.00 226.00 228.00 229.00 230.00 230.00 231.00 231.00 231.00 231.00 232.00 233.00 233.00 234.00 235.00 236.00 237.00 237.00 237.00 238.00 238.00 239.00 240.00 243.00 247.00 253.00 262.00 271.00 278.00 283.00 290.00 303.00 318.00 332.00 345.00
191.00 192.00 193.00 194.00 194.00 195.00 195.00 196.00 196.00 197.00 198.00 199.00 200.00 200.00 201.00 201.00 201.00 202.00 203.00 202.00 202.00 204.00 206.00 209.00 210.00 212.00 213.00 214.00 215.00 216.00 217.00 218.00 220.00 221.00 222.00 223.00 224.00 225.00 227.00 228.00 229.00 230.00 230.00 230.00 230.00 230.00 231.00 231.00 232.00 233.00 234.00 234.00 235.00 235.00 235.00 236.00 236.00 236.00 237.00 240.00 243.00 248.00 254.00 262.00 270.00 278.00 285.00 297.00 312.00 326.00 339.00
192.00 192.00 193.00 194.00 195.00 195.00 196.00 196.00 196.00 197.00 197.00 198.00 199.00 200.00 201.00 201.00 202.00 203.00 204.00 204.00 204.00 205.00 207.00 209.00 211.00 212.00 213.00 214.00 215.00 216.00 217.00 218.00 219.00 221.00 222.00 222.00 223.00 224.00 225.00 226.00 227.00 228.00 229.00 229.00 229.00 229.00 230.00 230.00 231.00 232.00 232.00 232.00 233.00 233.00 234.00 234.00 234.00 235.00 235.00 237.00 239.00 243.00 248.00 255.00 264.00 274.00 283.00 296.00 311.00 325.00 339.00
192.00 193.00 194.00 194.00 195.00 196.00 196.00 197.00 197.00 197.00 197.00 197.00 198.00 199.00 200.00 201.00 202.00 204.00 205.00 205.00 206.00 207.00 208.00 209.00 211.00 212.00 213.00 213.00 214.00 215.00 216.00 217.00 218.00 220.00 221.00 221.00 221.00 222.00 223.00 225.00 226.00 227.00 227.00 228.00 228.00 228.00 229.00 229.00 230.00 230.00 231.00 231.00 231.00 231.00 232.00 233.00 233.00 234.00 234.00 235.00 236.00 239.00 242.00 249.00 259.00 269.00 281.00 296.00 312.00 326.00 339.00
192.00 193.00 194.00 195.00 196.00 196.00 197.00 197.00 197.00 197.00 197.00 196.00 197.00 198.00 200.00 201.00 203.00 204.00 205.00 206.00 207.00 208.00 209.00 210.00 211.00 212.00 212.00 213.00 214.00 215.00 216.00 217.00 218.00 219.00 220.00 220.00 221.00 221.00 223.00 224.00 225.00 225.00 226.00 226.00 227.00 227.00 228.00 228.00 228.00 229.00 229.00 229.00 230.00 230.00 231.00 232.00 232.00 232.00 233.00 233.00 233.00 235.00 238.00 243.00 253.00 266.00 281.00 296.00 310.00 322.00 331.00
192.00 193.00 194.00 195.00 196.00 197.00 197.00 198.00 198.00 198.00 197.00 196.00 196.00 197.00 199.00 201.00 202.00 204.00 205.00 206.00 208.00 209.00 210.00 211.00 211.00 212.00 212.00 212.00 213.00 214.00 215.00 217.00 218.00 219.00 220.00 221.00 221.00 221.00 222.00 222.00 223.00 224.00 224.00 225.00 225.00 226.00 226.00 227.00 227.00 227.00 228.00 228.00 228.00 229.00 230.00 230.00 231.00 231.00 231.00 230.00 231.00 232.00 234.00 238.00 247.00 261.00 277.00 290.00 301.00 310.00 321.00
192.00 193.00 194.00 195.00 196.00 197.00 198.00 199.00 199.00 199.00 199.00 197.00 197.00 197.00 199.00 201.00 202.00 203.00 205.00 206.00 208.00 209.00 210.00 210.00 211.00 211.00 211.00 212.00 213.00 214.00 215.00 216.00 218.00 219.00 220.00 220.00 220.00 220.00 221.00 221.00 222.00 223.00 223.00 223.00 224.00 224.00 225.00 225.00 226.00 226.00 226.00 227.00 227.00 228.00 228.00 229.00 229.00 229.00 228.00 228.00 228.00 229.00 230.00 233.00 241.00 253.00 267.00 278.00 285.00 294.00 308.00
191.00 192.00 194.00 195.00 196.00 197.00 198.00 199.00 199.00 200.00 200.00 200.00 200.00 200.00 201.00 201.00 202.00 203.00 205.00 206.00 207.00 208.00 209.00 210.00 210.00 211.00 211.00 212.00 212.00 213.00 214.00 216.00 217.00 218.00 219.00 219.00 219.00 219.00 220.00 220.00 221.00 221.00 222.00 222.00 222.00 223.00 224.00 224.00 225.00 225.00 225.00 226.00 226.00 227.00 227.00 227.00 227.00 227.00 226.00 226.00 225.00 226.00 227.00 229.00 235.00 246.00 258.00 267.00 273.00 282.00 297.00
190.00 192.00 193.00 194.00 196.00 197.00 198.00 199.00 200.00 200.00 200.00 201.00 201.00 201.00 201.00 201.00 201.00 202.00 203.00 205.00 206.00 207.00 209.00 210.00 210.00 210.00 210.00 211.00 212.00 213.00 214.00 215.00 216.00 217.00 217.00 218.00 218.00 218.00 219.00 219.00 220.00 220.00 220.00 220.00 221.00 222.00 223.00 223.00 224.00 224.00 224.00 225.00 225.00 225.00 226.00 226.00 226.00 225.00 224.00 224.00 223.00 224.00 225.00 227.00 230.00 238.00 248.00 257.00 264.00 272.00 284.00
190.00 191.00 192.00 194.00 195.00 196.00 197.00 198.00 199.00 200.00 200.00 200.00 200.00 201.00 201.00 201.00 200.00 201.00 202.00 203.00 205.00 206.00 208.00 209.00 209.00 209.00 209.00 210.00 210.00 212.00 213.00 214.00 215.00 216.00 216.00 217.00 217.00 217.00 218.00 218.00 219.00 219.00 219.00 219.00 220.00 221.00 222.00 222.00 223.00 223.00 223.00 223.00 224.00 224.00 224.00 224.00 224.00 224.00 223.00 223.00 222.00 223.00 224.00 226.00 228.00 232.00 240.00 247.00 254.00 262.00 273.00
190.00 191.00 192.00 193.00 194.00 196.00 197.00 198.00 199.00 199.00 200.00 200.00 200.00 200.00 200.00 200.00 200.00 200.00 201.00 202.00 204.00 205.00 206.00 207.00 207.00 207.00 207.00 207.00 208.00 210.00 211.00 213.00 213.00 214.00 215.00 215.00 216.00 216.00 217.00 217.00 218.00 218.00 218.00 219.00 219.00 220.00 221.00 221.00 222.00 222.00 222.00 222.00 222.00 222.00 223.00 223.00 223.00 222.00 222.00 222.00 222.00 222.00 224.00 225.00 226.00 228.00 233.00 239.00 246.00 254.00 264.00
190.00 191.00 191.00 192.00 194.00 195.00 196.00 198.00 199.00 200.00 200.00 200.00 200.00 200.00 200.00 200.00 200.00 200.00 201.00 202.00 203.00 204.00 205.00 205.00 206.00 205.00 205.00 205.00 205.00 207.00 210.00 211.00 212.00 213.00 213.00 214.00 215.00 215.00 216.00 216.00 217.00 217.00 218.00 218.00 219.00 219.00 220.00 220.00 220.00 220.00 220.00 220.00 221.00 221.00 221.00 221.00 221.00 221.00 221.00 221.00 221.00 222.00 223.00 223.00 224.00 226.00 228.00 233.00 239.00 246.00 256.00
190.00 191.00 191.00 192.00 193.00 194.00 196.00 197.00 198.00 199.00 200.00 200.00 200.00 200.00 200.00 200.00 200.00 200.00 201.00 201.00 202.00 202.00 203.00 204.00 204.00 204.00 204.00 203.00 203.00 203.00 206.00 209.00 210.00 211.00 212.00 213.00 214.00 214.00 215.00 215.00 216.00 216.00 217.00 218.00 218.00 219.00 219.00 219.00 219.00 219.00 219.00 219.00 219.00 219.00 219.00 219.00 219.00 220.00 220.00 220.00 221.00 221.00 222.00 222.00 222.00 223.00 225.00 228.00 233.00 239.00 249.00
190.00 191.00 191.00 192.00 193.00 194.00 195.00 196.00 198.00 199.00 199.00 200.00 200.00 200.00 200.00 200.00 200.00 201.00 201.00 201.00 201.00 201.00 202.00 203.00 203.00 203.00 203.00 203.00 202.00 202.00 203.00 206.00 208.00 210.00 211.00 212.00 213.00 213.00 213.00 214.00 214.00 215.00 216.00 217.00 218.00 218.00 217.00 217.00 217.00 217.00 218.00 218.00 218.00 218.00 218.00 218.00 218.00 218.00 218.00 219.00 220.00 220.00 221.00 221.00 221.00 221.00 222.00 224.00 228.00 233.00 241.00
190.00 191.00 191.00 192.00 193.00 194.00 195.00 196.00 196.00 197.00 198.00 199.00 199.00 199.00 200.00 200.00 200.00 201.00 201.00 201.00 200.00 200.00 201.00 202.00 202.00 203.00 203.00 203.00 203.00 202.00 202.00 203.00 206.00 209.00 210.00 211.00 212.00 212.00 212.00 213.00 213.00 214.00 215.00 215.00 216.00 216.00 216.00 216.00 216.00 216.00 216.00 216.00 216.00 216.00 216.00 216.00 217.00 217.00 217.00 218.00 218.00 219.00 219.00 219.00 219.00 219.00 220.00 222.00 225.00 229.00 236.00
191.00 191.00 192.00 192.00 193.00 193.00 194.00 195.00 195.00 196.00 197.00 197.00 198.00 198.00 199.00 199.00 200.00 200.00 200.00 200.00 200.00 200.00 200.00 201.00 201.00 202.00 202.00 203.00 203.00 202.00 201.00 202.00 204.00 208.00 209.00 210.00 210.00 211.00 211.00 211.00 212.00 213.00 213.00 214.00 214.00 214.00 214.00 214.00 215.00 215.00 215.00 215.00 215.00 215.00 215.00 215.00 215.00 216.00 216.00 216.00 217.00 217.00 218.00 218.00 218.00 219.00 219.00 221.00 224.00 228.00 232.00
192.00 192.00 192.00 192.00 193.00 193.00 194.00 194.00 194.00 195.00 195.00 196.00 197.00 197.00 198.00 199.00 199.00 200.00 200.00 200.00 200.00 200.00 200.00 200.00 201.00 201.00 201.00 202.00 202.00 202.00 202.00 201.00 202.00 204.00 207.00 208.00 209.00 210.00 210.00 210.00 211.00 212.00 212.00 212.00 212.00 212.00 213.00 213.00 213.00 213.00 213.00 213.00 213.00 214.00 214.00 214.00 214.00 214.00 215.00 215.00 215.00 216.00 216.00 216.00 217.00 218.00 219.00 221.00 224.00 227.00 230.00
192.00 192.00 193.00 193.00 193.00 193.00 193.00 193.00 194.00 194.00 195.00 195.00 196.00 197.00 197.00 198.00 199.00 199.00 199.00 199.00 199.00 199.00 200.00 200.00 200.00 200.00 201.00 201.00 201.00 202.00 202.00 201.00 201.00 202.00 204.00 206.00 207.00 208.00 209.00 209.00 210.00 210.00 211.00 211.00 211.00 211.00 212.00 212.00 212.00 213.00 212.00 212.00 212.00 212.00 212.00 213.00 213.00 213.00 213.00 213.00 213.00 214.00 214.00 215.00 216.00 217.00 219.00 222.00 225.00 227.00 230.00
193.00 193.00 193.00 193.00 193.00 193.00 193.00 193.00 193.00 194.00 194.00 195.00 195.00 196.00 197.00 198.00 198.00 198.00 199.00 199.00 199.00 199.00 199.00 200.00 200.00 200.00 200.00 200.00 201.00 201.00 201.00 201.00 201.00 201.00 202.00 203.00 205.00 206.00 207.00 208.00 208.00 209.00 210.00 210.00 210.00 210.00 211.00 211.00 212.00 212.00 211.00 211.00 211.00 211.00 211.00 212.00 212.00 212.00 212.00 212.00 212.00 212.00 213.00 214.00 215.00 217.00 219.00 222.00 225.00 227.00 230.00
193.00 193.00 193.00 193.00 193.00 193.00 193.00 193.00 193.00 193.00 194.00 195.00 195.00 196.00 197.00 197.00 198.00 198.00 198.00 198.00 199.00 199.00 199.00 199.00 199.00 200.00 200.00 200.00 201.00 201.00 201.00 201.00 201.00 201.00 201.00 202.00 203.00 204.00 205.00 206.00 207.00 208.00 208.00 208.00 209.00 209.00 210.00 211.00 211.00 211.00 211.00 210.00 210.00 210.00 210.00 210.00 211.00 211.00 211.00 210.00 210.00 210.00 211.00 212.00 214.00 217.00 219.00 222.00 224.00 227.00 229.00
193.00 193.00 193.00 193.00 193.00 193.00 193.00 193.00 193.00 194.00 194.00 195.00 195.00 196.00 196.00 197.00 197.00 197.00 198.00 198.00 198.00 198.00 198.00 199.00 199.00 200.00 200.00 201.00 201.00 201.00 201.00 201.00 201.00 201.00 201.00 201.00 202.00 203.00 204.00 205.00 206.00 206.00 207.00 207.00 207.00 208.00 209.00 210.00 211.00 211.00 210.00 210.00 209.00 209.00 209.00 209.00 209.00 209.00 209.00 209.00 209.00 209.00 210.00 211.00 213.00 215.00 218.00 221.00 223.00 226.00 229.00
