models/Grenoble_16_dalles/BDALTIV1_FXX_0910_6450_MNT_20120919_LAMB93_IGN69.asc
ncols        400
nrows        400
xllcorner    909987.50000000
yllcorner    6440012.50000000
cellsize     25.00000000
NODATA_value -99999.00
[rows 32 to 63 of 400, columns 0 to 70 of 400]
297.00 283.00 272.00 267.00 266.00 265.00 266.00 267.00 267.00 268.00 268.00 267.00 267.00 267.00 266.00 265.00 265.00 264.00 263.00 262.00 261.00 261.00 260.00 259.00 259.00 258.00 257.00 256.00 256.00 255.00 254.00 254.00 253.00 253.00 252.00 252.00 251.00 250.00 250.00 249.00 249.00 249.00 249.00 250.00 250.00 251.00 252.00 254.00 255.00 257.00 259.00 261.00 262.00 263.00 263.00 264.00 265.00 267.00 272.00 279.00 303.00 342.00 379.00 396.00 396.00 387.00 373.00 358.00 343.00 327.00 309.00
300.00 286.00 275.00 270.00 268.00 268.00 268.00 268.00 268.00 268.00 268.00 268.00 267.00 267.00 266.00 266.00 265.00 264.00 263.00 262.00 262.00 261.00 260.00 260.00 259.00 258.00 257.00 256.00 256.00 255.00 255.00 254.00 253.00 253.00 253.00 252.00 252.00 251.00 250.00 250.00 249.00 249.00 249.00 249.00 250.00 252.00 253.00 255.00 257.00 259.00 261.00 263.00 264.00 264.00 264.00 264.00 265.00 268.00 274.00 283.00 310.00 348.00 381.00 395.00 394.00 385.00 371.00 356.00 340.00 323.00 305.00
302.00 288.00 279.00 272.00 271.00 270.00 269.00 269.00 269.00 269.00 268.00 268.00 267.00 267.00 266.00 266.00 265.00 264.00 264.00 263.00 262.00 261.00 260.00 260.00 259.00 258.00 257.00 257.00 256.00 255.00 255.00 254.00 254.00 254.00 253.00 253.00 253.00 252.00 251.00 250.00 250.00 249.00 249.00 249.00 250.00 252.00 253.00 256.00 258.00 260.00 263.00 264.00 265.00 265.00 265.00 265.00 266.00 269.00 275.00 288.00 315.00 349.00 378.00 390.00 390.00 382.00 369.00 354.00 338.00 320.00 301.00
304.00 291.00 282.00 276.00 274.00 273.00 271.00 270.00 270.00 270.00 269.00 268.00 268.00 267.00 266.00 266.00 265.00 265.00 264.00 263.00 262.00 262.00 261.00 260.00 259.00 258.00 257.00 257.00 256.00 256.00 255.00 255.00 255.00 255.00 254.00 254.00 254.00 253.00 252.00 251.00 250.00 250.00 249.00 250.00 250.00 252.00 254.00 257.00 259.00 262.00 264.00 266.00 266.00 266.00 266.00 266.00 267.00 270.00 276.00 291.00 318.00 351.00 375.00 386.00 386.00 378.00 366.00 352.00 336.00 317.00 297.00
306.00 294.00 283.00 279.00 276.00 274.00 273.00 272.00 271.00 271.00 270.00 269.00 268.00 267.00 267.00 266.00 266.00 265.00 264.00 264.00 263.00 262.00 261.00 260.00 259.00 258.00 257.00 257.00 257.00 256.00 256.00 256.00 256.00 256.00 256.00 256.00 255.00 255.00 254.00 253.00 251.00 250.00 250.00 250.00 250.00 252.00 255.00 258.00 261.00 264.00 266.00 267.00 267.00 267.00 266.00 267.00 268.00 272.00 279.00 295.00 321.00 352.00 373.00 383.00 382.00 375.00 364.00 350.00 334.00 314.00 293.00
308.00 295.00 284.00 280.00 277.00 275.00 274.00 273.00 273.00 272.00 271.00 269.00 268.00 268.00 267.00 266.00 266.00 265.00 265.00 264.00 263.00 262.00 261.00 260.00 259.00 258.00 258.00 257.00 257.00 257.00 257.00 257.00 257.00 257.00 257.00 257.00 257.00 257.00 255.00 254.00 253.00 251.00 250.00 250.00 251.00 253.00 256.00 259.00 263.00 265.00 267.00 268.00 268.00 268.00 267.00 268.00 270.00 275.00 283.00 299.00 323.00 353.00 372.00 380.00 379.00 373.00 363.00 349.00 332.00 310.00 288.00
308.00 296.00 284.00 280.00 278.00 275.00 274.00 274.00 273.00 273.00 272.00 270.00 269.00 268.00 267.00 267.00 266.00 266.00 265.00 264.00 263.00 262.00 261.00 260.00 259.00 259.00 258.00 258.00 258.00 258.00 258.00 258.00 258.00 258.00 259.00 259.00 259.00 259.00 257.00 256.00 254.00 253.00 251.00 250.00 251.00 254.00 257.00 261.00 264.00 267.00 269.00 269.00 269.00 269.00 269.00 269.00 271.00 275.00 285.00 301.00 324.00 352.00 369.00 376.00 376.00 371.00 362.00 348.00 329.00 306.00 285.00
307.00 295.00 284.00 280.00 277.00 276.00 275.00 274.00 274.00 273.00 272.00 271.00 270.00 269.00 268.00 267.00 267.00 266.00 265.00 264.00 263.00 262.00 262.00 261.00 260.00 259.00 259.00 258.00 259.00 259.00 259.00 259.00 259.00 260.00 260.00 261.00 261.00 261.00 260.00 258.00 256.00 254.00 252.00 252.00 253.00 256.00 260.00 263.00 266.00 268.00 270.00 271.00 271.00 270.00 270.00 271.00 272.00 276.00 285.00 301.00 324.00 349.00 365.00 371.00 371.00 368.00 360.00 346.00 326.00 302.00 282.00
305.00 294.00 284.00 279.00 277.00 276.00 275.00 274.00 274.00 273.00 273.00 272.00 271.00 270.00 269.00 268.00 267.00 266.00 265.00 264.00 264.00 263.00 262.00 261.00 260.00 259.00 259.00 259.00 259.00 259.00 260.00 260.00 261.00 261.00 262.00 263.00 263.00 263.00 262.00 260.00 259.00 257.00 255.00 255.00 256.00 259.00 262.00 265.00 268.00 270.00 271.00 272.00 272.00 272.00 272.00 273.00 274.00 277.00 283.00 298.00 321.00 344.00 360.00 367.00 367.00 364.00 359.00 345.00 323.00 300.00 280.00
302.00 293.00 285.00 280.00 277.00 276.00 275.00 275.00 274.00 274.00 273.00 272.00 272.00 270.00 269.00 268.00 267.00 266.00 265.00 265.00 264.00 263.00 262.00 261.00 260.00 260.00 259.00 259.00 260.00 260.00 261.00 261.00 262.00 263.00 264.00 264.00 264.00 264.00 264.00 263.00 261.00 260.00 259.00 259.00 260.00 263.00 265.00 268.00 270.00 272.00 273.00 273.00 273.00 273.00 273.00 274.00 275.00 277.00 280.00 293.00 315.00 338.00 357.00 364.00 363.00 361.00 356.00 342.00 321.00 297.00 278.00
298.00 291.00 284.00 280.00 278.00 276.00 276.00 275.00 274.00 274.00 273.00 273.00 272.00 271.00 270.00 269.00 268.00 267.00 266.00 265.00 264.00 263.00 262.00 261.00 260.00 260.00 260.00 260.00 260.00 261.00 262.00 262.00 263.00 264.00 265.00 265.00 266.00 266.00 266.00 265.00 264.00 263.00 263.00 263.00 265.00 266.00 268.00 270.00 272.00 273.00 274.00 274.00 274.00 274.00 274.00 275.00 276.00 277.00 278.00 289.00 309.00 333.00 354.00 363.00 361.00 359.00 352.00 338.00 319.00 295.00 276.00
295.00 290.00 284.00 281.00 278.00 277.00 276.00 275.00 275.00 274.00 274.00 273.00 272.00 271.00 270.00 269.00 268.00 267.00 266.00 265.00 264.00 263.00 262.00 261.00 260.00 260.00 260.00 260.00 261.00 261.00 262.00 263.00 264.00 265.00 266.00 266.00 267.00 267.00 267.00 267.00 267.00 267.00 267.00 267.00 268.00 269.00 271.00 272.00 273.00 274.00 275.00 275.00 275.00 275.00 275.00 275.00 275.00 276.00 276.00 286.00 306.00 329.00 353.00 362.00 361.00 358.00 348.00 334.00 316.00 294.00 275.00
293.00 288.00 284.00 281.00 279.00 277.00 276.00 276.00 275.00 275.00 274.00 273.00 272.00 271.00 270.00 269.00 268.00 267.00 266.00 265.00 264.00 263.00 262.00 261.00 260.00 260.00 260.00 260.00 261.00 262.00 263.00 264.00 265.00 265.00 266.00 267.00 267.00 268.00 268.00 268.00 269.00 269.00 270.00 270.00 271.00 272.00 273.00 274.00 275.00 275.00 276.00 276.00 275.00 275.00 274.00 274.00 274.00 274.00 274.00 283.00 303.00 327.00 351.00 361.00 361.00 356.00 344.00 328.00 311.00 291.00 274.00
291.00 287.00 284.00 281.00 279.00 277.00 277.00 276.00 276.00 275.00 274.00 273.00 272.00 271.00 270.00 269.00 268.00 267.00 266.00 265.00 264.00 263.00 262.00 261.00 260.00 260.00 260.00 261.00 261.00 262.00 263.00 264.00 265.00 266.00 266.00 267.00 268.00 268.00 269.00 270.00 270.00 271.00 272.00 272.00 273.00 274.00 274.00 275.00 275.00 276.00 276.00 276.00 276.00 275.00 274.00 273.00 272.00 271.00 272.00 280.00 301.00 325.00 350.00 360.00 360.00 354.00 341.00 325.00 306.00 287.00 270.00
290.00 287.00 284.00 281.00 279.00 278.00 277.00 276.00 276.00 275.00 274.00 274.00 273.00 272.00 271.00 270.00 268.00 267.00 266.00 265.00 264.00 263.00 262.00 261.00 261.00 260.00 260.00 261.00 261.00 262.00 263.00 264.00 265.00 266.00 267.00 267.00 268.00 268.00 269.00 270.00 271.00 272.00 273.00 273.00 274.00 274.00 275.00 275.00 276.00 276.00 277.00 277.00 276.00 275.00 273.00 271.00 269.00 268.00 269.00 278.00 299.00 324.00 350.00 360.00 358.00 349.00 336.00 321.00 302.00 281.00 265.00
289.00 287.00 285.00 283.00 281.00 279.00 277.00 277.00 276.00 275.00 274.00 274.00 273.00 272.00 271.00 270.00 268.00 267.00 266.00 265.00 264.00 263.00 262.00 261.00 261.00 260.00 261.00 261.00 262.00 262.00 263.00 264.00 265.00 266.00 266.00 267.00 268.00 268.00 269.00 270.00 271.00 272.00 273.00 273.00 274.00 274.00 274.00 275.00 276.00 276.00 277.00 277.00 276.00 275.00 273.00 270.00 267.00 266.00 267.00 276.00 297.00 323.00 349.00 358.00 353.00 342.00 329.00 314.00 296.00 277.00 261.00
289.00 288.00 286.00 285.00 282.00 280.00 278.00 277.00 276.00 275.00 275.00 274.00 273.00 272.00 271.00 270.00 269.00 267.00 266.00 265.00 264.00 263.00 262.00 261.00 261.00 260.00 261.00 261.00 261.00 262.00 263.00 264.00 265.00 266.00 266.00 267.00 267.00 268.00 269.00 270.00 271.00 271.00 272.00 273.00 273.00 274.00 274.00 274.00 275.00 276.00 277.00 277.00 277.00 275.00 272.00 269.00 266.00 264.00 265.00 275.00 296.00 322.00 344.00 352.00 345.00 332.00 319.00 304.00 288.00 271.00 258.00
290.00 289.00 287.00 286.00 284.00 281.00 279.00 277.00 276.00 276.00 275.00 274.00 273.00 272.00 271.00 270.00 269.00 268.00 267.00 265.00 264.00 263.00 262.00 261.00 261.00 260.00 260.00 261.00 261.00 262.00 263.00 264.00 265.00 265.00 266.00 267.00 267.00 268.00 269.00 269.00 270.00 271.00 272.00 272.00 273.00 273.00 273.00 274.00 275.00 276.00 277.00 277.00 276.00 275.00 272.00 269.00 265.00 262.00 263.00 274.00 295.00 320.00 338.00 342.00 335.00 322.00 308.00 294.00 278.00 263.00 254.00
291.00 289.00 288.00 287.00 285.00 282.00 280.00 278.00 277.00 276.00 275.00 274.00 273.00 272.00 271.00 270.00 269.00 268.00 267.00 266.00 264.00 263.00 262.00 261.00 260.00 260.00 260.00 261.00 261.00 262.00 263.00 264.00 264.00 265.00 266.00 266.00 267.00 268.00 268.00 269.00 270.00 270.00 271.00 271.00 272.00 272.00 273.00 273.00 274.00 275.00 276.00 277.00 276.00 275.00 272.00 269.00 266.00 263.00 262.00 272.00 293.00 316.00 331.00 333.00 324.00 311.00 297.00 283.00 270.00 258.00 252.00
291.00 290.00 289.00 287.00 285.00 282.00 280.00 278.00 277.00 276.00 275.00 274.00 273.00 272.00 271.00 270.00 269.00 268.00 267.00 266.00 265.00 263.00 262.00 261.00 260.00 260.00 260.00 260.00 261.00 262.00 263.00 264.00 264.00 265.00 266.00 266.00 267.00 268.00 268.00 269.00 269.00 270.00 270.00 271.00 271.00 272.00 272.00 273.00 274.00 275.00 276.00 276.00 276.00 274.00 272.00 269.00 266.00 263.00 262.00 268.00 286.00 309.00 323.00 324.00 314.00 301.00 287.00 275.00 264.00 255.00 250.00
292.00 291.00 289.00 287.00 285.00 282.00 280.00 279.00 277.00 276.00 275.00 275.00 274.00 273.00 271.00 270.00 269.00 268.00 267.00 266.00 265.00 264.00 262.00 261.00 260.00 260.00 260.00 260.00 261.00 262.00 263.00 264.00 264.00 265.00 266.00 266.00 267.00 267.00 268.00 269.00 269.00 270.00 270.00 271.00 271.00 272.00 272.00 273.00 274.00 275.00 275.00 276.00 275.00 274.00 272.00 269.00 266.00 263.00 261.00 264.00 277.00 296.00 310.00 312.00 304.00 291.00 279.00 269.00 259.00 253.00 249.00
292.00 291.00 289.00 287.00 285.00 282.00 280.00 279.00 278.00 277.00 276.00 275.00 274.00 273.00 272.00 271.00 269.00 268.00 267.00 266.00 265.00 264.00 263.00 261.00 260.00 260.00 260.00 261.00 261.00 262.00 263.00 264.00 264.00 265.00 266.00 266.00 267.00 267.00 268.00 269.00 269.00 270.00 270.00 271.00 271.00 272.00 272.00 273.00 274.00 274.00 275.00 275.00 275.00 274.00 272.00 269.00 267.00 264.00 262.00 263.00 269.00 282.00 295.00 299.00 294.00 283.00 273.00 264.00 257.00 252.00 249.00
291.00 290.00 289.00 287.00 285.00 283.00 281.00 279.00 278.00 277.00 276.00 275.00 274.00 273.00 272.00 271.00 269.00 268.00 267.00 266.00 265.00 264.00 263.00 261.00 261.00 260.00 260.00 261.00 261.00 262.00 263.00 264.00 264.00 265.00 266.00 266.00 267.00 267.00 268.00 269.00 269.00 270.00 270.00 271.00 271.00 272.00 272.00 273.00 273.00 274.00 274.00 274.00 274.00 273.00 272.00 270.00 267.00 265.00 264.00 263.00 264.00 272.00 282.00 289.00 286.00 278.00 269.00 261.00 256.00 252.00 249.00
291.00 290.00 289.00 287.00 285.00 283.00 281.00 279.00 278.00 277.00 276.00 275.00 274.00 273.00 272.00 271.00 269.00 268.00 267.00 266.00 265.00 264.00 263.00 262.00 261.00 261.00 261.00 261.00 262.00 262.00 263.00 264.00 264.00 265.00 266.00 266.00 267.00 267.00 268.00 269.00 269.00 270.00 270.00 271.00 271.00 272.00 272.00 273.00 273.00 273.00 274.00 274.00 273.00 273.00 271.00 270.00 268.00 266.00 264.00 263.00 262.00 268.00 274.00 280.00 281.00 274.00 266.00 259.00 255.00 251.00 249.00
290.00 289.00 288.00 286.00 284.00 282.00 281.00 279.00 278.00 277.00 276.00 275.00 274.00 273.00 272.00 270.00 269.00 268.00 267.00 266.00 265.00 264.00 263.00 262.00 261.00 261.00 261.00 262.00 262.00 263.00 263.00 264.00 265.00 265.00 266.00 266.00 267.00 267.00 268.00 269.00 269.00 270.00 270.00 271.00 271.00 272.00 272.00 272.00 272.00 273.00 273.00 273.00 273.00 272.00 271.00 270.00 268.00 266.00 264.00 262.00 262.00 265.00 269.00 273.00 274.00 271.00 264.00 258.00 254.00 251.00 250.00
288.00 288.00 287.00 285.00 284.00 282.00 280.00 279.00 278.00 277.00 276.00 275.00 274.00 272.00 271.00 270.00 269.00 268.00 267.00 266.00 265.00 264.00 263.00 262.00 261.00 261.00 262.00 262.00 262.00 263.00 263.00 264.00 265.00 265.00 266.00 266.00 267.00 267.00 268.00 268.00 269.00 269.00 270.00 270.00 271.00 271.00 272.00 272.00 272.00 272.00 272.00 272.00 272.00 271.00 270.00 269.00 268.00 266.00 263.00 261.00 261.00 263.00 265.00 268.00 269.00 268.00 264.00 259.00 255.00 252.00 251.00
287.00 286.00 285.00 284.00 283.00 281.00 280.00 278.00 277.00 276.00 275.00 274.00 273.00 272.00 271.00 270.00 269.00 268.00 267.00 266.00 265.00 264.00 263.00 262.00 261.00 261.00 262.00 262.00 262.00 263.00 263.00 264.00 264.00 265.00 266.00 266.00 267.00 267.00 268.00 268.00 269.00 269.00 270.00 270.00 270.00 271.00 271.00 271.00 271.00 271.00 271.00 271.00 271.00 270.00 269.00 268.00 267.00 265.00 262.00 260.00 260.00 261.00 263.00 265.00 266.00 266.00 263.00 260.00 256.00 253.00 252.00
285.00 284.00 284.00 283.00 281.00 280.00 279.00 278.00 277.00 276.00 275.00 274.00 273.00 272.00 271.00 270.00 269.00 268.00 267.00 266.00 265.00 264.00 263.00 262.00 261.00 261.00 262.00 262.00 262.00 263.00 263.00 264.00 264.00 265.00 266.00 266.00 267.00 267.00 268.00 268.00 269.00 269.00 269.00 270.00 270.00 271.00 271.00 271.00 271.00 270.00 270.00 270.00 269.00 269.00 268.00 267.00 265.00 264.00 261.00 259.00 260.00 261.00 262.00 263.00 264.00 264.00 262.00 260.00 257.00 254.00 253.00
283.00 283.00 282.00 281.00 280.00 279.00 278.00 277.00 277.00 276.00 274.00 273.00 273.00 272.00 271.00 270.00 269.00 268.00 267.00 266.00 265.00 264.00 263.00 262.00 261.00 261.00 261.00 262.00 262.00 263.00 263.00 264.00 264.00 265.00 266.00 266.00 267.00 267.00 267.00 268.00 268.00 269.00 269.00 270.00 270.00 270.00 270.00 270.00 270.00 269.00 269.00 268.00 268.00 267.00 266.00 265.00 264.00 262.00 260.00 258.00 259.00 262.00 263.00 263.00 263.00 262.00 261.00 259.00 257.00 255.00 254.00
281.00 281.00 280.00 280.00 279.00 278.00 278.00 277.00 276.00 275.00 274.00 273.00 272.00 271.00 270.00 269.00 268.00 267.00 266.00 266.00 265.00 264.00 263.00 262.00 261.00 261.00 261.00 261.00 262.00 262.00 263.00 264.00 264.00 265.00 265.00 266.00 266.00 267.00 267.00 268.00 268.00 269.00 269.00 269.00 270.00 270.00 270.00 269.00 269.00 268.00 268.00 267.00 266.00 265.00 265.00 264.00 262.00 261.00 259.00 258.00 259.00 262.00 265.00 266.00 265.00 263.00 260.00 258.00 256.00 255.00 254.00
279.00 279.00 279.00 278.00 278.00 277.00 277.00 276.00 275.00 274.00 273.00 272.00 271.00 270.00 270.00 269.00 268.00 267.00 266.00 265.00 265.00 264.00 263.00 262.00 261.00 261.00 260.00 260.00 261.00 262.00 263.00 263.00 264.00 265.00 265.00 266.00 266.00 266.00 267.00 267.00 268.00 268.00 269.00 269.00 269.00 269.00 269.00 268.00 268.00 267.00 266.00 265.00 264.00 263.00 263.00 262.00 261.00 260.00 259.00 257.00 259.00 263.00 267.00 270.00 269.00 266.00 261.00 257.00 256.00 254.00 254.00
278.00 277.00 277.00 277.00 277.00 276.00 276.00 275.00 275.00 274.00 273.00 272.00 271.00 270.00 269.00 268.00 267.00 267.00 266.00 265.00 265.00 264.00 263.00 262.00 261.00 260.00 260.00 260.00 261.00 261.00 262.00 263.00 264.00 265.00 265.00 265.00 266.00 266.00 267.00 267.00 268.00 268.00 268.00 269.00 269.00 269.00 268.00 267.00 267.00 265.00 264.00 263.00 262.00 262.00 261.00 261.00 260.00 259.00 258.00 258.00 260.00 264.00 270.00 275.00 277.00 270.00 263.00 258.00 255.00 254.00 254.00
