models/Grenoble_16_dalles/BDALTIV1_FXX_0910_6440_MNT_20120919_LAMB93_IGN69.asc
ncols        400
nrows        400
xllcorner    909987.50000000
yllcorner    6430012.50000000
cellsize     25.00000000
NODATA_value -99999.00
[rows 341 to 371 of 400, columns 138 to 206 of 400]
741.00 731.00 721.00 712.00 705.00 698.00 692.00 685.00 679.00 674.00 671.00 669.00 668.00 666.00 661.00 654.00 645.00 637.00 634.00 639.00 644.00 649.00 653.00 657.00 660.00 664.00 667.00 672.00 676.00 680.00 686.00 691.00 696.00 699.00 703.00 706.00 709.00 712.00 716.00 720.00 726.00 732.00 738.00 744.00 750.00 757.00 764.00 773.00 783.00 795.00 808.00 821.00 834.00 847.00 860.00 872.00 883.00 893.00 903.00 914.00 927.00 941.00 956.00 969.00 981.00 994.00 1008.00 1024.00 1044.00
753.00 743.00 732.00 722.00 713.00 705.00 698.00 692.00 686.00 681.00 678.00 677.00 676.00 674.00 668.00 661.00 651.00 642.00 635.00 638.00 643.00 648.00 652.00 656.00 660.00 664.00 669.00 673.00 678.00 682.00 686.00 690.00 694.00 698.00 701.00 704.00 707.00 711.00 715.00 719.00 724.00 730.00 736.00 742.00 748.00 756.00 763.00 773.00 784.00 798.00 811.00 825.00 838.00 851.00 864.00 877.00 888.00 899.00 910.00 921.00 935.00 950.00 965.00 979.00 991.00 1005.00 1018.00 1032.00 1049.00
766.00 756.00 745.00 733.00 722.00 712.00 704.00 698.00 692.00 688.00 686.00 685.00 684.00 681.00 675.00 667.00 658.00 647.00 639.00 638.00 642.00 647.00 651.00 655.00 660.00 664.00 669.00 674.00 679.00 683.00 686.00 690.00 693.00 696.00 699.00 702.00 705.00 709.00 713.00 718.00 724.00 730.00 736.00 742.00 748.00 754.00 763.00 774.00 787.00 801.00 815.00 829.00 842.00 855.00 868.00 881.00 893.00 906.00 918.00 930.00 944.00 959.00 974.00 988.00 1003.00 1017.00 1030.00 1042.00 1057.00
778.00 768.00 757.00 745.00 732.00 720.00 710.00 703.00 698.00 695.00 693.00 692.00 690.00 687.00 682.00 674.00 663.00 653.00 644.00 640.00 642.00 645.00 650.00 654.00 659.00 664.00 669.00 675.00 679.00 683.00 686.00 689.00 692.00 694.00 697.00 700.00 704.00 708.00 712.00 717.00 723.00 730.00 737.00 744.00 751.00 757.00 766.00 778.00 791.00 806.00 820.00 834.00 846.00 859.00 872.00 885.00 899.00 912.00 926.00 939.00 953.00 967.00 981.00 997.00 1013.00 1029.00 1042.00 1054.00 1065.00
788.00 778.00 767.00 756.00 743.00 729.00 717.00 709.00 704.00 701.00 700.00 698.00 696.00 693.00 688.00 679.00 670.00 661.00 652.00 644.00 643.00 646.00 649.00 653.00 658.00 663.00 668.00 673.00 678.00 682.00 686.00 688.00 691.00 693.00 696.00 699.00 702.00 706.00 711.00 716.00 723.00 731.00 739.00 747.00 756.00 764.00 774.00 786.00 798.00 812.00 826.00 839.00 851.00 863.00 875.00 889.00 904.00 919.00 935.00 949.00 963.00 975.00 989.00 1005.00 1022.00 1039.00 1053.00 1065.00 1076.00
798.00 788.00 777.00 766.00 754.00 739.00 726.00 716.00 711.00 708.00 706.00 705.00 702.00 698.00 693.00 685.00 678.00 671.00 662.00 654.00 649.00 649.00 652.00 655.00 659.00 663.00 667.00 670.00 674.00 679.00 683.00 686.00 689.00 692.00 695.00 698.00 701.00 705.00 710.00 716.00 724.00 733.00 742.00 752.00 762.00 771.00 782.00 794.00 806.00 819.00 832.00 844.00 855.00 866.00 879.00 893.00 909.00 927.00 944.00 959.00 973.00 986.00 998.00 1013.00 1030.00 1049.00 1065.00 1077.00 1087.00
808.00 797.00 787.00 776.00 765.00 750.00 735.00 724.00 718.00 714.00 713.00 711.00 708.00 704.00 699.00 692.00 686.00 681.00 673.00 663.00 657.00 654.00 655.00 658.00 661.00 664.00 666.00 669.00 672.00 675.00 680.00 684.00 688.00 691.00 694.00 697.00 701.00 704.00 709.00 716.00 725.00 735.00 746.00 758.00 768.00 779.00 790.00 801.00 813.00 825.00 838.00 849.00 860.00 871.00 883.00 898.00 915.00 935.00 954.00 971.00 986.00 999.00 1010.00 1022.00 1038.00 1059.00 1077.00 1089.00 1099.00
817.00 807.00 796.00 786.00 774.00 761.00 746.00 734.00 725.00 721.00 719.00 717.00 715.00 711.00 706.00 700.00 695.00 689.00 680.00 671.00 664.00 660.00 658.00 662.00 665.00 668.00 670.00 671.00 672.00 674.00 676.00 681.00 685.00 690.00 693.00 697.00 700.00 704.00 709.00 716.00 726.00 738.00 751.00 763.00 775.00 786.00 797.00 809.00 821.00 832.00 844.00 855.00 866.00 876.00 888.00 903.00 921.00 943.00 964.00 982.00 999.00 1014.00 1024.00 1034.00 1049.00 1070.00 1089.00 1102.00 1112.00
827.00 816.00 806.00 795.00 783.00 770.00 757.00 744.00 734.00 729.00 726.00 724.00 721.00 718.00 714.00 708.00 703.00 696.00 687.00 678.00 672.00 667.00 662.00 666.00 671.00 673.00 674.00 674.00 673.00 674.00 675.00 679.00 683.00 688.00 692.00 696.00 700.00 705.00 710.00 716.00 727.00 741.00 757.00 769.00 781.00 793.00 805.00 817.00 828.00 839.00 850.00 862.00 873.00 883.00 895.00 909.00 927.00 949.00 971.00 991.00 1012.00 1030.00 1040.00 1049.00 1062.00 1082.00 1102.00 1117.00 1128.00
836.00 825.00 815.00 805.00 793.00 780.00 766.00 753.00 742.00 736.00 732.00 730.00 728.00 725.00 721.00 717.00 711.00 704.00 695.00 687.00 680.00 673.00 666.00 671.00 676.00 678.00 678.00 678.00 677.00 676.00 676.00 678.00 682.00 687.00 692.00 697.00 701.00 706.00 712.00 719.00 731.00 746.00 762.00 775.00 788.00 800.00 813.00 825.00 836.00 847.00 858.00 869.00 880.00 891.00 902.00 915.00 933.00 955.00 977.00 1000.00 1024.00 1044.00 1056.00 1065.00 1078.00 1096.00 1116.00 1133.00 1145.00
846.00 835.00 824.00 814.00 804.00 790.00 775.00 760.00 749.00 742.00 738.00 736.00 734.00 732.00 729.00 725.00 719.00 713.00 705.00 697.00 689.00 680.00 672.00 676.00 680.00 682.00 683.00 683.00 682.00 681.00 679.00 679.00 682.00 687.00 692.00 698.00 703.00 708.00 715.00 723.00 735.00 750.00 767.00 782.00 795.00 808.00 821.00 834.00 845.00 856.00 867.00 877.00 889.00 901.00 912.00 924.00 941.00 960.00 982.00 1006.00 1033.00 1056.00 1072.00 1083.00 1095.00 1111.00 1130.00 1146.00 1158.00
856.00 844.00 833.00 823.00 813.00 800.00 784.00 768.00 756.00 749.00 745.00 742.00 740.00 738.00 736.00 732.00 727.00 721.00 715.00 707.00 699.00 688.00 679.00 678.00 683.00 686.00 688.00 688.00 688.00 687.00 684.00 682.00 684.00 688.00 693.00 699.00 705.00 711.00 718.00 727.00 740.00 755.00 772.00 789.00 802.00 814.00 827.00 841.00 853.00 865.00 876.00 887.00 899.00 912.00 924.00 936.00 951.00 967.00 988.00 1012.00 1039.00 1064.00 1084.00 1099.00 1111.00 1125.00 1142.00 1157.00 1167.00
866.00 854.00 842.00 832.00 821.00 808.00 793.00 777.00 765.00 757.00 753.00 749.00 747.00 745.00 743.00 740.00 735.00 730.00 724.00 718.00 709.00 700.00 691.00 685.00 688.00 691.00 693.00 695.00 695.00 694.00 691.00 689.00 688.00 690.00 695.00 701.00 708.00 714.00 722.00 732.00 745.00 760.00 777.00 794.00 808.00 820.00 832.00 847.00 862.00 874.00 885.00 897.00 910.00 923.00 937.00 949.00 962.00 976.00 995.00 1018.00 1044.00 1068.00 1091.00 1111.00 1125.00 1139.00 1153.00 1165.00 1173.00
875.00 863.00 852.00 841.00 830.00 816.00 801.00 785.00 773.00 765.00 760.00 757.00 754.00 753.00 751.00 747.00 742.00 737.00 732.00 727.00 721.00 712.00 702.00 695.00 694.00 696.00 699.00 701.00 702.00 702.00 700.00 697.00 694.00 692.00 697.00 703.00 710.00 718.00 726.00 736.00 749.00 764.00 781.00 798.00 811.00 824.00 838.00 853.00 869.00 883.00 895.00 907.00 921.00 936.00 949.00 961.00 972.00 985.00 1001.00 1024.00 1048.00 1071.00 1095.00 1118.00 1136.00 1152.00 1163.00 1171.00 1177.00
884.00 872.00 860.00 849.00 838.00 823.00 808.00 793.00 781.00 773.00 769.00 766.00 764.00 762.00 759.00 755.00 749.00 744.00 740.00 736.00 730.00 722.00 712.00 704.00 702.00 702.00 706.00 709.00 711.00 711.00 710.00 706.00 701.00 697.00 699.00 704.00 711.00 720.00 729.00 741.00 754.00 769.00 786.00 801.00 814.00 828.00 843.00 860.00 876.00 891.00 905.00 919.00 933.00 948.00 960.00 972.00 983.00 994.00 1008.00 1028.00 1051.00 1074.00 1099.00 1124.00 1145.00 1162.00 1171.00 1177.00 1180.00
893.00 880.00 868.00 857.00 844.00 830.00 814.00 799.00 787.00 780.00 779.00 778.00 776.00 772.00 768.00 762.00 755.00 750.00 747.00 743.00 739.00 732.00 722.00 713.00 709.00 710.00 713.00 717.00 719.00 720.00 719.00 715.00 708.00 703.00 702.00 704.00 712.00 721.00 731.00 744.00 758.00 774.00 790.00 804.00 817.00 831.00 847.00 866.00 883.00 900.00 915.00 930.00 945.00 959.00 971.00 982.00 993.00 1005.00 1018.00 1034.00 1055.00 1077.00 1103.00 1129.00 1153.00 1168.00 1177.00 1181.00 1183.00
900.00 888.00 876.00 864.00 851.00 836.00 821.00 806.00 793.00 787.00 789.00 790.00 788.00 784.00 778.00 770.00 762.00 758.00 755.00 751.00 747.00 741.00 733.00 722.00 718.00 718.00 721.00 725.00 727.00 728.00 727.00 724.00 716.00 710.00 707.00 706.00 712.00 720.00 731.00 745.00 761.00 778.00 794.00 807.00 819.00 833.00 852.00 872.00 890.00 908.00 925.00 942.00 956.00 969.00 980.00 992.00 1005.00 1018.00 1030.00 1042.00 1058.00 1080.00 1107.00 1136.00 1158.00 1172.00 1180.00 1184.00 1186.00
908.00 896.00 883.00 870.00 857.00 843.00 828.00 813.00 800.00 795.00 798.00 799.00 799.00 795.00 789.00 780.00 772.00 767.00 764.00 760.00 756.00 750.00 744.00 735.00 728.00 729.00 732.00 734.00 735.00 736.00 734.00 731.00 725.00 718.00 713.00 711.00 713.00 719.00 731.00 746.00 763.00 780.00 796.00 809.00 821.00 835.00 855.00 878.00 896.00 914.00 933.00 951.00 965.00 977.00 988.00 1002.00 1017.00 1031.00 1042.00 1051.00 1064.00 1084.00 1112.00 1141.00 1162.00 1175.00 1182.00 1186.00 1188.00
917.00 904.00 891.00 878.00 864.00 851.00 837.00 822.00 810.00 804.00 804.00 806.00 807.00 804.00 799.00 791.00 783.00 778.00 774.00 770.00 766.00 761.00 755.00 748.00 742.00 742.00 743.00 743.00 743.00 742.00 741.00 737.00 733.00 726.00 721.00 717.00 716.00 718.00 730.00 746.00 763.00 780.00 796.00 810.00 822.00 836.00 856.00 878.00 898.00 918.00 938.00 956.00 969.00 982.00 994.00 1009.00 1026.00 1041.00 1051.00 1062.00 1074.00 1092.00 1118.00 1145.00 1164.00 1176.00 1183.00 1187.00 1190.00
925.00 912.00 899.00 886.00 873.00 859.00 846.00 832.00 820.00 812.00 810.00 812.00 813.00 812.00 808.00 801.00 794.00 790.00 786.00 781.00 775.00 770.00 766.00 761.00 758.00 756.00 754.00 752.00 750.00 749.00 747.00 744.00 740.00 734.00 729.00 724.00 721.00 718.00 726.00 743.00 761.00 778.00 794.00 807.00 820.00 835.00 854.00 874.00 896.00 916.00 937.00 955.00 971.00 984.00 997.00 1012.00 1030.00 1045.00 1058.00 1071.00 1085.00 1103.00 1126.00 1148.00 1165.00 1176.00 1183.00 1188.00 1191.00
934.00 921.00 908.00 895.00 882.00 869.00 855.00 842.00 829.00 820.00 816.00 818.00 819.00 818.00 815.00 810.00 805.00 801.00 797.00 790.00 784.00 779.00 774.00 771.00 769.00 766.00 764.00 760.00 757.00 756.00 754.00 751.00 747.00 742.00 737.00 731.00 725.00 719.00 723.00 739.00 756.00 773.00 787.00 802.00 816.00 831.00 850.00 871.00 891.00 912.00 932.00 952.00 969.00 983.00 996.00 1011.00 1029.00 1046.00 1062.00 1077.00 1093.00 1111.00 1131.00 1150.00 1166.00 1177.00 1184.00 1188.00 1192.00
943.00 930.00 918.00 906.00 892.00 878.00 864.00 851.00 837.00 828.00 822.00 824.00 825.00 825.00 823.00 820.00 815.00 811.00 806.00 800.00 792.00 786.00 781.00 778.00 776.00 774.00 771.00 768.00 765.00 763.00 761.00 758.00 754.00 749.00 744.00 737.00 730.00 723.00 722.00 736.00 752.00 767.00 781.00 795.00 810.00 828.00 847.00 868.00 888.00 907.00 927.00 948.00 967.00 981.00 993.00 1008.00 1026.00 1044.00 1062.00 1080.00 1097.00 1116.00 1134.00 1152.00 1166.00 1177.00 1184.00 1189.00 1193.00
953.00 940.00 928.00 917.00 904.00 889.00 874.00 860.00 847.00 836.00 830.00 832.00 833.00 832.00 831.00 829.00 825.00 820.00 815.00 808.00 800.00 792.00 787.00 784.00 782.00 780.00 778.00 775.00 773.00 770.00 768.00 765.00 761.00 757.00 751.00 743.00 735.00 727.00 722.00 735.00 750.00 764.00 779.00 793.00 810.00 829.00 848.00 867.00 886.00 904.00 923.00 944.00 963.00 978.00 991.00 1006.00 1024.00 1043.00 1062.00 1080.00 1098.00 1117.00 1135.00 1152.00 1167.00 1177.00 1184.00 1190.00 1195.00
962.00 949.00 938.00 927.00 915.00 901.00 885.00 870.00 857.00 845.00 840.00 841.00 841.00 841.00 840.00 839.00 834.00 828.00 822.00 815.00 807.00 799.00 793.00 789.00 787.00 786.00 784.00 782.00 779.00 776.00 774.00 771.00 767.00 763.00 756.00 748.00 739.00 730.00 723.00 735.00 749.00 764.00 781.00 797.00 814.00 832.00 852.00 870.00 887.00 904.00 922.00 941.00 959.00 975.00 989.00 1006.00 1024.00 1043.00 1062.00 1080.00 1098.00 1116.00 1135.00 1152.00 1167.00 1177.00 1184.00 1190.00 1195.00
971.00 958.00 947.00 936.00 926.00 914.00 898.00 881.00 867.00 856.00 852.00 851.00 851.00 851.00 851.00 848.00 844.00 837.00 830.00 823.00 815.00 806.00 798.00 793.00 792.00 792.00 790.00 788.00 785.00 782.00 779.00 776.00 772.00 767.00 760.00 751.00 742.00 732.00 724.00 735.00 750.00 766.00 784.00 802.00 819.00 837.00 855.00 874.00 890.00 906.00 922.00 939.00 957.00 973.00 989.00 1006.00 1025.00 1043.00 1061.00 1079.00 1097.00 1116.00 1134.00 1152.00 1166.00 1176.00 1184.00 1189.00 1195.00
980.00 967.00 956.00 946.00 936.00 926.00 912.00 895.00 878.00 868.00 863.00 863.00 862.00 862.00 861.00 859.00 854.00 846.00 839.00 831.00 823.00 814.00 806.00 800.00 798.00 798.00 797.00 794.00 791.00 788.00 785.00 781.00 776.00 771.00 763.00 754.00 744.00 734.00 726.00 736.00 751.00 768.00 786.00 806.00 823.00 841.00 859.00 877.00 893.00 908.00 923.00 939.00 955.00 972.00 988.00 1006.00 1024.00 1041.00 1058.00 1076.00 1095.00 1114.00 1133.00 1150.00 1165.00 1175.00 1183.00 1189.00 1194.00
989.00 977.00 966.00 956.00 946.00 936.00 925.00 910.00 893.00 882.00 876.00 875.00 874.00 873.00 872.00 869.00 864.00 856.00 848.00 840.00 832.00 823.00 815.00 809.00 806.00 805.00 803.00 800.00 797.00 794.00 790.00 786.00 780.00 773.00 765.00 755.00 745.00 736.00 728.00 737.00 752.00 769.00 787.00 806.00 825.00 844.00 863.00 880.00 895.00 909.00 924.00 939.00 955.00 971.00 988.00 1005.00 1021.00 1037.00 1053.00 1070.00 1090.00 1111.00 1131.00 1148.00 1162.00 1173.00 1181.00 1188.00 1194.00
1001.00 988.00 977.00 967.00 957.00 947.00 936.00 924.00 910.00 897.00 890.00 886.00 884.00 883.00 881.00 879.00 874.00 866.00 858.00 850.00 842.00 833.00 825.00 819.00 814.00 811.00 809.00 807.00 804.00 800.00 796.00 790.00 784.00 776.00 767.00 756.00 747.00 737.00 729.00 738.00 753.00 769.00 786.00 805.00 824.00 843.00 863.00 880.00 895.00 910.00 924.00 939.00 955.00 971.00 987.00 1003.00 1017.00 1031.00 1046.00 1063.00 1084.00 1107.00 1128.00 1145.00 1159.00 1171.00 1180.00 1187.00 1194.00
1013.00 999.00 988.00 977.00 968.00 958.00 947.00 936.00 925.00 913.00 904.00 898.00 894.00 892.00 890.00 887.00 882.00 874.00 867.00 859.00 852.00 843.00 835.00 828.00 823.00 818.00 816.00 813.00 811.00 807.00 803.00 796.00 788.00 779.00 769.00 759.00 749.00 739.00 731.00 738.00 753.00 769.00 786.00 803.00 822.00 840.00 859.00 877.00 893.00 908.00 922.00 938.00 955.00 970.00 985.00 999.00 1013.00 1026.00 1040.00 1058.00 1078.00 1102.00 1125.00 1142.00 1157.00 1169.00 1179.00 1186.00 1193.00
1026.00 1011.00 999.00 988.00 978.00 969.00 958.00 948.00 938.00 928.00 917.00 909.00 903.00 900.00 897.00 893.00 888.00 882.00 875.00 869.00 862.00 853.00 844.00 837.00 830.00 826.00 822.00 820.00 818.00 815.00 811.00 805.00 794.00 784.00 773.00 762.00 752.00 741.00 732.00 739.00 754.00 769.00 786.00 803.00 820.00 838.00 856.00 874.00 891.00 906.00 920.00 937.00 954.00 969.00 983.00 996.00 1010.00 1024.00 1039.00 1056.00 1076.00 1098.00 1121.00 1139.00 1154.00 1167.00 1177.00 1185.00 1192.00
1038.00 1024.00 1011.00 1000.00 989.00 980.00 970.00 959.00 949.00 939.00 929.00 920.00 912.00 907.00 903.00 899.00 894.00 889.00 884.00 879.00 871.00 862.00 852.00 844.00 838.00 833.00 829.00 827.00 825.00 822.00 818.00 812.00 802.00 790.00 777.00 766.00 756.00 745.00 734.00 739.00 754.00 770.00 786.00 803.00 819.00 837.00 856.00 875.00 892.00 908.00 923.00 939.00 955.00 969.00 981.00 994.00 1008.00 1024.00 1040.00 1056.00 1075.00 1096.00 1118.00 1136.00 1151.00 1165.00 1175.00 1182.00 1190.00
