models/Grenoble_16_dalles/BDALTIV1_FXX_0920_6470_MNT_20120919_LAMB93_IGN69.asc
ncols        400
nrows        400
xllcorner    919987.50000000
yllcorner    6460012.50000000
cellsize     25.00000000
NODATA_value -99999.00
[rows 128 to 159 of 400, columns 284 to 354 of 400]
220.00 220.00 221.00 221.00 221.00 221.00 221.00 222.00 222.00 222.00 222.00 223.00 223.00 223.00 224.00 224.00 225.00 225.00 225.00 226.00 226.00 226.00 226.00 227.00 227.00 227.00 227.00 227.00 228.00 228.00 228.00 228.00 228.00 228.00 228.00 228.00 228.00 228.00 228.00 228.00 228.00 228.00 228.00 228.00 228.00 228.00 229.00 229.00 229.00 228.00 228.00 228.00 227.00 227.00 228.00 228.00 230.00 232.00 237.00 245.00 257.00 271.00 284.00 296.00 307.00 317.00 327.00 336.00 344.00 353.00 361.00
220.00 220.00 221.00 221.00 221.00 221.00 222.00 222.00 222.00 222.00 223.00 223.00 223.00 223.00 224.00 224.00 225.00 225.00 225.00 226.00 226.00 226.00 227.00 227.00 227.00 227.00 228.00 228.00 228.00 228.00 228.00 228.00 228.00 228.00 228.00 228.00 228.00 228.00 228.00 228.00 228.00 228.00 228.00 228.00 229.00 229.00 229.00 229.00 229.00 228.00 227.00 227.00 226.00 227.00 228.00 229.00 232.00 236.00 243.00 253.00 266.00 280.00 293.00 304.00 315.00 325.00 335.00 344.00 352.00 360.00 368.00
220.00 221.00 221.00 221.00 221.00 222.00 222.00 222.00 222.00 223.00 223.00 223.00 223.00 224.00 224.00 224.00 225.00 225.00 226.00 226.00 226.00 227.00 227.00 227.00 228.00 228.00 228.00 228.00 228.00 228.00 228.00 228.00 228.00 228.00 228.00 228.00 228.00 228.00 228.00 228.00 228.00 228.00 228.00 229.00 229.00 229.00 229.00 229.00 228.00 228.00 227.00 226.00 226.00 226.00 228.00 231.00 235.00 241.00 250.00 262.00 275.00 288.00 301.00 312.00 322.00 332.00 342.00 351.00 360.00 368.00 375.00
221.00 221.00 221.00 221.00 222.00 222.00 222.00 222.00 222.00 223.00 223.00 223.00 223.00 224.00 224.00 225.00 225.00 225.00 226.00 226.00 227.00 227.00 227.00 228.00 228.00 228.00 228.00 228.00 229.00 229.00 229.00 229.00 229.00 229.00 229.00 229.00 228.00 228.00 228.00 228.00 228.00 228.00 228.00 229.00 229.00 229.00 229.00 229.00 228.00 227.00 226.00 225.00 225.00 226.00 228.00 233.00 239.00 247.00 258.00 270.00 283.00 296.00 308.00 320.00 330.00 340.00 350.00 358.00 366.00 374.00 381.00
221.00 221.00 221.00 222.00 222.00 222.00 222.00 223.00 223.00 223.00 223.00 223.00 224.00 224.00 224.00 225.00 225.00 225.00 226.00 226.00 227.00 227.00 227.00 228.00 228.00 228.00 229.00 229.00 229.00 229.00 229.00 229.00 229.00 229.00 229.00 229.00 229.00 228.00 228.00 228.00 228.00 228.00 229.00 229.00 229.00 229.00 229.00 229.00 228.00 227.00 226.00 225.00 225.00 227.00 231.00 237.00 244.00 253.00 265.00 277.00 291.00 304.00 316.00 327.00 337.00 347.00 356.00 364.00 372.00 379.00 386.00
221.00 222.00 222.00 222.00 222.00 222.00 223.00 223.00 223.00 223.00 223.00 224.00 224.00 224.00 224.00 225.00 225.00 226.00 226.00 226.00 227.00 227.00 228.00 228.00 228.00 229.00 229.00 229.00 229.00 229.00 230.00 230.00 230.00 230.00 229.00 229.00 229.00 229.00 229.00 229.00 229.00 229.00 229.00 229.00 229.00 230.00 230.00 229.00 228.00 227.00 226.00 226.00 227.00 230.00 236.00 243.00 250.00 258.00 269.00 283.00 298.00 311.00 324.00 334.00 344.00 353.00 362.00 369.00 376.00 383.00 389.00
222.00 222.00 222.00 222.00 222.00 223.00 223.00 223.00 223.00 223.00 223.00 224.00 224.00 224.00 224.00 225.00 225.00 226.00 226.00 227.00 227.00 227.00 228.00 228.00 229.00 229.00 229.00 229.00 230.00 230.00 230.00 230.00 230.00 230.00 230.00 229.00 229.00 229.00 229.00 229.00 229.00 229.00 229.00 229.00 229.00 230.00 230.00 230.00 229.00 228.00 227.00 227.00 230.00 235.00 242.00 248.00 255.00 263.00 274.00 288.00 305.00 319.00 331.00 341.00 350.00 358.00 366.00 373.00 379.00 385.00 392.00
222.00 222.00 222.00 222.00 223.00 223.00 223.00 223.00 223.00 224.00 224.00 224.00 224.00 224.00 225.00 225.00 225.00 226.00 226.00 227.00 227.00 227.00 228.00 228.00 229.00 229.00 230.00 230.00 230.00 230.00 230.00 231.00 231.00 231.00 230.00 230.00 230.00 230.00 230.00 230.00 230.00 230.00 230.00 230.00 230.00 230.00 230.00 230.00 230.00 229.00 229.00 230.00 234.00 241.00 248.00 254.00 261.00 270.00 282.00 298.00 314.00 327.00 337.00 346.00 355.00 362.00 369.00 375.00 381.00 387.00 394.00
222.00 222.00 223.00 223.00 223.00 223.00 223.00 223.00 224.00 224.00 224.00 224.00 224.00 224.00 225.00 225.00 225.00 226.00 226.00 227.00 227.00 228.00 228.00 228.00 229.00 229.00 230.00 230.00 230.00 230.00 231.00 231.00 232.00 232.00 231.00 231.00 231.00 231.00 231.00 231.00 231.00 231.00 231.00 231.00 231.00 231.00 231.00 231.00 231.00 231.00 232.00 235.00 240.00 247.00 254.00 261.00 269.00 281.00 295.00 310.00 324.00 334.00 343.00 351.00 359.00 366.00 371.00 377.00 383.00 389.00 396.00
222.00 223.00 223.00 223.00 223.00 223.00 224.00 224.00 224.00 224.00 224.00 224.00 224.00 225.00 225.00 225.00 225.00 226.00 226.00 227.00 227.00 228.00 228.00 229.00 229.00 230.00 230.00 230.00 231.00 231.00 231.00 232.00 232.00 232.00 232.00 232.00 232.00 232.00 232.00 232.00 232.00 232.00 232.00 232.00 232.00 232.00 232.00 232.00 233.00 234.00 236.00 240.00 247.00 253.00 260.00 269.00 279.00 293.00 308.00 322.00 332.00 340.00 348.00 355.00 362.00 368.00 374.00 379.00 384.00 391.00 399.00
223.00 223.00 223.00 223.00 223.00 224.00 224.00 224.00 224.00 224.00 224.00 225.00 225.00 225.00 225.00 225.00 226.00 226.00 226.00 227.00 227.00 228.00 228.00 229.00 229.00 230.00 230.00 231.00 231.00 231.00 232.00 232.00 233.00 233.00 233.00 233.00 233.00 233.00 233.00 233.00 233.00 234.00 234.00 234.00 234.00 234.00 234.00 234.00 235.00 237.00 240.00 246.00 253.00 261.00 268.00 278.00 291.00 306.00 320.00 331.00 339.00 346.00 352.00 359.00 365.00 370.00 375.00 381.00 386.00 393.00 402.00
223.00 223.00 223.00 224.00 224.00 224.00 224.00 224.00 224.00 225.00 225.00 225.00 225.00 225.00 225.00 225.00 226.00 226.00 226.00 227.00 227.00 228.00 228.00 229.00 229.00 230.00 230.00 231.00 231.00 232.00 232.00 233.00 233.00 233.00 234.00 234.00 234.00 234.00 234.00 235.00 235.00 235.00 235.00 235.00 235.00 236.00 236.00 236.00 238.00 240.00 245.00 252.00 260.00 269.00 278.00 289.00 303.00 317.00 329.00 339.00 345.00 351.00 357.00 362.00 368.00 373.00 378.00 383.00 388.00 395.00 404.00
223.00 223.00 224.00 224.00 224.00 224.00 224.00 224.00 225.00 225.00 225.00 225.00 225.00 225.00 225.00 226.00 226.00 226.00 226.00 227.00 227.00 228.00 228.00 229.00 229.00 230.00 230.00 231.00 231.00 232.00 232.00 233.00 234.00 234.00 234.00 235.00 235.00 235.00 236.00 236.00 236.00 237.00 237.00 237.00 237.00 238.00 238.00 239.00 241.00 245.00 251.00 258.00 267.00 277.00 289.00 301.00 315.00 327.00 337.00 345.00 351.00 356.00 361.00 366.00 370.00 375.00 380.00 386.00 392.00 399.00 409.00
223.00 224.00 224.00 224.00 224.00 224.00 225.00 225.00 225.00 225.00 225.00 225.00 225.00 225.00 226.00 226.00 226.00 226.00 226.00 227.00 227.00 228.00 228.00 228.00 229.00 229.00 230.00 230.00 231.00 232.00 232.00 233.00 234.00 235.00 235.00 235.00 236.00 236.00 237.00 237.00 238.00 238.00 239.00 239.00 239.00 240.00 241.00 242.00 245.00 250.00 256.00 264.00 274.00 286.00 299.00 313.00 325.00 335.00 343.00 350.00 356.00 361.00 365.00 369.00 374.00 378.00 384.00 390.00 396.00 404.00 414.00
224.00 224.00 224.00 224.00 224.00 225.00 225.00 225.00 225.00 225.00 225.00 226.00 226.00 226.00 226.00 226.00 226.00 226.00 227.00 227.00 227.00 228.00 228.00 228.00 229.00 229.00 229.00 230.00 230.00 231.00 232.00 233.00 234.00 235.00 235.00 236.00 236.00 236.00 237.00 238.00 239.00 240.00 241.00 241.00 242.00 242.00 244.00 246.00 250.00 256.00 262.00 270.00 281.00 294.00 309.00 322.00 332.00 340.00 347.00 354.00 360.00 364.00 368.00 373.00 377.00 382.00 388.00 394.00 402.00 411.00 421.00
224.00 224.00 224.00 224.00 225.00 225.00 225.00 225.00 225.00 226.00 226.00 226.00 226.00 226.00 226.00 226.00 226.00 226.00 227.00 227.00 227.00 228.00 228.00 228.00 229.00 229.00 229.00 230.00 230.00 231.00 232.00 234.00 235.00 235.00 236.00 236.00 236.00 237.00 237.00 239.00 241.00 242.00 243.00 243.00 244.00 245.00 247.00 250.00 255.00 261.00 268.00 277.00 289.00 302.00 316.00 328.00 337.00 344.00 350.00 356.00 362.00 367.00 372.00 376.00 381.00 386.00 393.00 400.00 409.00 418.00 428.00
224.00 224.00 225.00 225.00 225.00 225.00 225.00 225.00 226.00 226.00 226.00 226.00 226.00 226.00 226.00 226.00 226.00 227.00 227.00 227.00 227.00 228.00 228.00 228.00 228.00 229.00 229.00 230.00 230.00 231.00 232.00 234.00 235.00 235.00 236.00 236.00 236.00 237.00 238.00 240.00 242.00 243.00 245.00 246.00 247.00 248.00 250.00 254.00 259.00 266.00 274.00 285.00 297.00 310.00 322.00 332.00 339.00 346.00 352.00 358.00 364.00 369.00 375.00 380.00 386.00 392.00 399.00 407.00 417.00 426.00 436.00
225.00 225.00 225.00 225.00 225.00 225.00 226.00 226.00 226.00 226.00 226.00 226.00 226.00 226.00 226.00 227.00 227.00 227.00 227.00 227.00 227.00 228.00 228.00 228.00 228.00 229.00 229.00 229.00 230.00 231.00 232.00 234.00 235.00 236.00 236.00 237.00 237.00 237.00 238.00 240.00 243.00 245.00 247.00 248.00 250.00 251.00 254.00 257.00 262.00 269.00 278.00 289.00 302.00 315.00 325.00 333.00 340.00 346.00 352.00 359.00 366.00 372.00 378.00 385.00 391.00 398.00 407.00 416.00 425.00 435.00 444.00
225.00 225.00 225.00 225.00 225.00 226.00 226.00 226.00 226.00 226.00 226.00 227.00 227.00 227.00 227.00 227.00 227.00 227.00 227.00 227.00 228.00 228.00 228.00 228.00 228.00 229.00 229.00 229.00 230.00 231.00 232.00 233.00 235.00 236.00 236.00 237.00 237.00 238.00 239.00 241.00 244.00 247.00 249.00 251.00 253.00 255.00 257.00 260.00 264.00 270.00 278.00 288.00 300.00 312.00 323.00 331.00 338.00 344.00 352.00 360.00 368.00 375.00 383.00 390.00 398.00 406.00 415.00 425.00 434.00 443.00 453.00
225.00 225.00 225.00 226.00 226.00 226.00 226.00 226.00 226.00 226.00 227.00 227.00 227.00 227.00 227.00 227.00 227.00 227.00 227.00 227.00 228.00 228.00 228.00 228.00 228.00 229.00 229.00 229.00 230.00 231.00 232.00 233.00 235.00 235.00 236.00 237.00 237.00 238.00 239.00 242.00 245.00 248.00 251.00 254.00 256.00 258.00 260.00 262.00 265.00 269.00 273.00 280.00 291.00 304.00 317.00 326.00 334.00 342.00 350.00 361.00 371.00 379.00 388.00 396.00 405.00 415.00 424.00 434.00 442.00 451.00 460.00
225.00 226.00 226.00 226.00 226.00 226.00 226.00 226.00 226.00 227.00 227.00 227.00 227.00 227.00 227.00 227.00 227.00 227.00 227.00 228.00 228.00 228.00 228.00 228.00 228.00 228.00 229.00 229.00 230.00 231.00 232.00 233.00 234.00 235.00 236.00 237.00 238.00 238.00 239.00 241.00 245.00 250.00 253.00 256.00 259.00 261.00 263.00 265.00 266.00 268.00 270.00 274.00 282.00 293.00 306.00 318.00 329.00 340.00 350.00 362.00 374.00 384.00 394.00 404.00 414.00 424.00 433.00 442.00 450.00 458.00 468.00
226.00 226.00 226.00 226.00 226.00 226.00 227.00 227.00 227.00 227.00 227.00 227.00 227.00 227.00 227.00 227.00 227.00 227.00 228.00 228.00 228.00 228.00 228.00 228.00 228.00 228.00 229.00 229.00 230.00 231.00 232.00 233.00 234.00 235.00 236.00 237.00 238.00 238.00 239.00 242.00 246.00 251.00 255.00 259.00 262.00 264.00 266.00 268.00 268.00 268.00 268.00 270.00 274.00 282.00 293.00 307.00 323.00 340.00 355.00 367.00 379.00 390.00 401.00 412.00 423.00 433.00 442.00 450.00 458.00 466.00 476.00
226.00 226.00 226.00 226.00 226.00 227.00 227.00 227.00 227.00 227.00 227.00 227.00 227.00 227.00 227.00 227.00 228.00 228.00 228.00 228.00 228.00 228.00 228.00 228.00 228.00 228.00 229.00 229.00 230.00 231.00 232.00 233.00 234.00 235.00 236.00 237.00 238.00 239.00 240.00 242.00 247.00 252.00 256.00 260.00 264.00 267.00 270.00 271.00 270.00 269.00 268.00 269.00 271.00 277.00 285.00 297.00 314.00 337.00 359.00 373.00 384.00 396.00 410.00 422.00 433.00 442.00 450.00 457.00 465.00 475.00 486.00
226.00 226.00 226.00 227.00 227.00 227.00 227.00 227.00 227.00 227.00 227.00 227.00 227.00 228.00 228.00 228.00 228.00 228.00 228.00 228.00 228.00 228.00 228.00 228.00 228.00 228.00 229.00 229.00 230.00 231.00 232.00 233.00 234.00 235.00 236.00 237.00 238.00 239.00 241.00 243.00 248.00 252.00 257.00 262.00 266.00 270.00 273.00 274.00 274.00 272.00 269.00 269.00 271.00 275.00 282.00 292.00 309.00 336.00 362.00 378.00 391.00 404.00 420.00 433.00 443.00 450.00 458.00 465.00 473.00 484.00 496.00
226.00 226.00 227.00 227.00 227.00 227.00 227.00 227.00 227.00 227.00 227.00 227.00 228.00 228.00 228.00 228.00 228.00 228.00 228.00 228.00 228.00 228.00 228.00 228.00 228.00 228.00 229.00 229.00 230.00 231.00 232.00 234.00 235.00 236.00 236.00 237.00 238.00 240.00 241.00 244.00 248.00 253.00 258.00 264.00 269.00 273.00 277.00 278.00 278.00 274.00 271.00 270.00 272.00 276.00 282.00 292.00 310.00 338.00 366.00 384.00 399.00 415.00 431.00 443.00 451.00 458.00 465.00 472.00 482.00 493.00 506.00
226.00 226.00 227.00 227.00 227.00 227.00 227.00 227.00 227.00 227.00 227.00 227.00 228.00 228.00 228.00 228.00 228.00 228.00 228.00 228.00 228.00 228.00 228.00 228.00 228.00 228.00 229.00 229.00 230.00 231.00 232.00 233.00 234.00 235.00 236.00 237.00 238.00 240.00 242.00 245.00 249.00 254.00 260.00 266.00 272.00 278.00 283.00 284.00 283.00 278.00 272.00 271.00 274.00 278.00 285.00 297.00 316.00 345.00 372.00 391.00 410.00 427.00 441.00 451.00 458.00 464.00 471.00 480.00 490.00 502.00 515.00
226.00 227.00 227.00 227.00 227.00 227.00 227.00 227.00 227.00 227.00 227.00 228.00 228.00 228.00 228.00 228.00 228.00 228.00 228.00 228.00 228.00 228.00 228.00 228.00 228.00 228.00 229.00 229.00 230.00 232.00 232.00 233.00 234.00 235.00 236.00 237.00 238.00 239.00 242.00 245.00 249.00 255.00 262.00 269.00 276.00 284.00 291.00 293.00 289.00 280.00 272.00 271.00 276.00 281.00 290.00 304.00 327.00 354.00 378.00 400.00 421.00 438.00 449.00 457.00 463.00 469.00 477.00 487.00 498.00 511.00 524.00
227.00 227.00 227.00 227.00 227.00 227.00 227.00 227.00 228.00 228.00 228.00 228.00 228.00 228.00 228.00 228.00 228.00 228.00 228.00 228.00 228.00 228.00 228.00 228.00 228.00 228.00 229.00 229.00 230.00 231.00 232.00 233.00 234.00 235.00 236.00 237.00 238.00 239.00 241.00 245.00 250.00 256.00 264.00 273.00 283.00 294.00 301.00 302.00 295.00 283.00 272.00 271.00 277.00 287.00 299.00 316.00 340.00 365.00 385.00 408.00 429.00 445.00 456.00 462.00 468.00 474.00 483.00 494.00 506.00 519.00 532.00
227.00 227.00 227.00 227.00 227.00 227.00 228.00 228.00 228.00 228.00 228.00 228.00 228.00 228.00 228.00 228.00 228.00 229.00 229.00 229.00 229.00 229.00 228.00 228.00 228.00 228.00 229.00 229.00 230.00 231.00 232.00 233.00 234.00 235.00 236.00 237.00 238.00 239.00 242.00 247.00 252.00 259.00 267.00 278.00 291.00 304.00 313.00 312.00 302.00 286.00 273.00 269.00 278.00 293.00 309.00 329.00 351.00 372.00 392.00 414.00 435.00 450.00 460.00 467.00 472.00 480.00 490.00 502.00 514.00 527.00 539.00
227.00 227.00 227.00 227.00 227.00 228.00 228.00 228.00 228.00 228.00 228.00 228.00 228.00 228.00 228.00 229.00 229.00 229.00 229.00 229.00 229.00 229.00 229.00 229.00 229.00 229.00 229.00 229.00 230.00 231.00 231.00 232.00 233.00 234.00 235.00 237.00 238.00 240.00 244.00 249.00 256.00 263.00 272.00 285.00 300.00 314.00 322.00 321.00 309.00 291.00 275.00 268.00 278.00 297.00 316.00 336.00 356.00 376.00 397.00 418.00 438.00 453.00 464.00 472.00 478.00 486.00 497.00 510.00 522.00 533.00 544.00
227.00 227.00 227.00 228.00 228.00 228.00 228.00 228.00 228.00 228.00 228.00 228.00 228.00 229.00 229.00 229.00 229.00 229.00 229.00 229.00 229.00 229.00 229.00 229.00 229.00 229.00 229.00 229.00 230.00 230.00 231.00 232.00 233.00 234.00 235.00 237.00 239.00 242.00 247.00 253.00 261.00 269.00 280.00 293.00 309.00 322.00 330.00 328.00 317.00 298.00 279.00 269.00 277.00 297.00 317.00 337.00 356.00 375.00 396.00 418.00 438.00 455.00 468.00 477.00 485.00 494.00 505.00 517.00 528.00 538.00 547.00
227.00 227.00 228.00 228.00 228.00 228.00 228.00 228.00 228.00 228.00 228.00 229.00 229.00 229.00 229.00 229.00 229.00 229.00 229.00 229.00 229.00 229.00 229.00 229.00 229.00 229.00 229.00 229.00 230.00 230.00 230.00 231.00 232.00 233.00 235.00 237.00 240.00 245.00 252.00 259.00 268.00 278.00 289.00 302.00 316.00 328.00 335.00 334.00 325.00 306.00 284.00 271.00 277.00 296.00 316.00 335.00 354.00 373.00 394.00 417.00 439.00 458.00 472.00 483.00 491.00 500.00 511.00 522.00 531.00 539.00 548.00
