models/Grenoble_16_dalles/BDALTIV1_FXX_0910_6450_MNT_20120919_LAMB93_IGN69.asc
ncols        400
nrows        400
xllcorner    909987.50000000
yllcorner    6440012.50000000
cellsize     25.00000000
NODATA_value -99999.00
[rows 320 to 351 of 400, columns 71 to 141 of 400]
370.00 362.00 355.00 347.00 341.00 336.00 332.00 327.00 324.00 324.00 324.00 322.00 314.00 311.00 309.00 308.00 308.00 308.00 308.00 308.00 308.00 308.00 308.00 309.00 309.00 309.00 309.00 308.00 308.00 309.00 308.00 308.00 308.00 307.00 307.00 307.00 308.00 310.00 312.00 316.00 320.00 322.00 324.00 325.00 326.00 327.00 329.00 332.00 335.00 338.00 340.00 343.00 345.00 348.00 352.00 357.00 363.00 369.00 375.00 382.00 389.00 395.00 402.00 409.00 417.00 422.00 428.00 433.00 439.00 445.00 451.00
388.00 379.00 371.00 363.00 357.00 352.00 347.00 342.00 338.00 334.00 330.00 324.00 315.00 312.00 309.00 308.00 308.00 308.00 309.00 309.00 309.00 309.00 309.00 309.00 310.00 309.00 309.00 309.00 309.00 309.00 309.00 309.00 308.00 308.00 309.00 310.00 311.00 314.00 318.00 321.00 323.00 325.00 326.00 327.00 327.00 329.00 332.00 335.00 338.00 341.00 343.00 346.00 348.00 352.00 355.00 360.00 365.00 370.00 376.00 383.00 390.00 397.00 405.00 412.00 419.00 425.00 430.00 435.00 441.00 447.00 454.00
403.00 396.00 388.00 380.00 374.00 367.00 362.00 357.00 351.00 343.00 334.00 323.00 314.00 311.00 309.00 308.00 308.00 308.00 309.00 310.00 310.00 310.00 310.00 310.00 310.00 310.00 310.00 310.00 310.00 310.00 310.00 310.00 309.00 310.00 311.00 313.00 317.00 320.00 322.00 324.00 326.00 326.00 327.00 328.00 329.00 331.00 333.00 337.00 340.00 343.00 346.00 349.00 352.00 355.00 359.00 363.00 368.00 372.00 377.00 383.00 390.00 397.00 404.00 412.00 419.00 425.00 430.00 436.00 442.00 448.00 455.00
415.00 409.00 402.00 395.00 387.00 380.00 374.00 369.00 362.00 351.00 336.00 322.00 312.00 310.00 308.00 307.00 307.00 308.00 309.00 310.00 311.00 311.00 311.00 311.00 311.00 311.00 312.00 312.00 311.00 311.00 311.00 311.00 311.00 312.00 314.00 318.00 321.00 323.00 325.00 326.00 327.00 327.00 328.00 329.00 330.00 332.00 335.00 338.00 342.00 345.00 348.00 352.00 355.00 359.00 363.00 367.00 371.00 375.00 379.00 384.00 390.00 396.00 403.00 410.00 417.00 423.00 429.00 436.00 442.00 449.00 456.00
424.00 418.00 412.00 405.00 397.00 389.00 382.00 376.00 368.00 356.00 338.00 321.00 311.00 307.00 305.00 305.00 306.00 307.00 307.00 308.00 310.00 311.00 311.00 311.00 311.00 311.00 312.00 313.00 313.00 312.00 313.00 314.00 314.00 316.00 318.00 320.00 323.00 325.00 326.00 327.00 328.00 328.00 329.00 330.00 331.00 334.00 337.00 340.00 343.00 347.00 351.00 355.00 359.00 363.00 368.00 372.00 376.00 379.00 382.00 386.00 391.00 396.00 401.00 408.00 415.00 422.00 429.00 436.00 443.00 451.00 458.00
432.00 425.00 418.00 411.00 403.00 395.00 388.00 381.00 372.00 360.00 341.00 320.00 309.00 304.00 303.00 303.00 304.00 306.00 307.00 308.00 310.00 310.00 310.00 310.00 310.00 310.00 311.00 312.00 313.00 314.00 316.00 318.00 319.00 321.00 323.00 324.00 326.00 327.00 327.00 327.00 328.00 329.00 330.00 331.00 332.00 335.00 338.00 342.00 345.00 349.00 354.00 358.00 362.00 367.00 372.00 377.00 381.00 384.00 388.00 391.00 394.00 397.00 402.00 408.00 415.00 422.00 430.00 437.00 445.00 453.00 460.00
439.00 431.00 423.00 415.00 407.00 400.00 392.00 384.00 375.00 362.00 342.00 320.00 308.00 302.00 300.00 301.00 303.00 305.00 307.00 309.00 310.00 310.00 309.00 309.00 309.00 308.00 309.00 310.00 312.00 314.00 318.00 322.00 325.00 327.00 328.00 329.00 329.00 329.00 328.00 328.00 328.00 329.00 330.00 332.00 334.00 336.00 339.00 343.00 347.00 352.00 356.00 361.00 365.00 370.00 375.00 380.00 385.00 390.00 394.00 397.00 399.00 402.00 405.00 410.00 417.00 424.00 431.00 439.00 448.00 455.00 462.00
446.00 436.00 427.00 418.00 410.00 402.00 395.00 386.00 375.00 361.00 339.00 318.00 305.00 299.00 298.00 299.00 301.00 304.00 307.00 309.00 310.00 310.00 309.00 308.00 307.00 307.00 307.00 308.00 310.00 313.00 319.00 325.00 329.00 331.00 333.00 333.00 333.00 332.00 331.00 329.00 329.00 329.00 331.00 332.00 334.00 337.00 341.00 345.00 349.00 354.00 359.00 363.00 368.00 373.00 378.00 384.00 389.00 395.00 400.00 404.00 406.00 408.00 411.00 414.00 420.00 427.00 434.00 442.00 451.00 459.00 466.00
451.00 440.00 430.00 420.00 412.00 404.00 396.00 386.00 373.00 356.00 336.00 316.00 304.00 297.00 296.00 297.00 301.00 304.00 307.00 309.00 310.00 310.00 308.00 307.00 306.00 305.00 306.00 307.00 309.00 313.00 319.00 326.00 331.00 334.00 336.00 337.00 338.00 338.00 336.00 333.00 331.00 330.00 331.00 333.00 335.00 338.00 342.00 346.00 352.00 357.00 362.00 366.00 371.00 376.00 381.00 387.00 394.00 400.00 406.00 411.00 414.00 416.00 417.00 419.00 424.00 431.00 438.00 446.00 454.00 462.00 470.00
455.00 443.00 432.00 422.00 413.00 405.00 397.00 387.00 373.00 354.00 332.00 314.00 302.00 296.00 295.00 297.00 301.00 305.00 308.00 310.00 310.00 309.00 308.00 306.00 305.00 304.00 304.00 306.00 308.00 312.00 319.00 327.00 333.00 337.00 339.00 341.00 342.00 343.00 342.00 340.00 337.00 334.00 333.00 334.00 335.00 338.00 343.00 348.00 354.00 359.00 364.00 369.00 373.00 378.00 384.00 391.00 398.00 405.00 412.00 418.00 421.00 422.00 423.00 425.00 429.00 435.00 442.00 449.00 457.00 465.00 474.00
458.00 444.00 433.00 423.00 414.00 405.00 397.00 387.00 372.00 352.00 330.00 311.00 300.00 295.00 294.00 297.00 301.00 306.00 309.00 310.00 311.00 309.00 307.00 305.00 304.00 303.00 304.00 306.00 309.00 313.00 321.00 330.00 336.00 340.00 343.00 345.00 346.00 347.00 347.00 346.00 343.00 340.00 337.00 335.00 336.00 339.00 344.00 350.00 356.00 362.00 367.00 372.00 377.00 382.00 388.00 395.00 402.00 409.00 416.00 422.00 425.00 427.00 428.00 431.00 434.00 439.00 446.00 453.00 460.00 468.00 476.00
460.00 446.00 433.00 423.00 414.00 405.00 397.00 386.00 371.00 351.00 328.00 308.00 298.00 294.00 295.00 298.00 302.00 307.00 310.00 311.00 311.00 309.00 307.00 305.00 303.00 303.00 304.00 306.00 309.00 315.00 324.00 334.00 341.00 344.00 347.00 348.00 350.00 351.00 351.00 350.00 348.00 345.00 341.00 337.00 336.00 340.00 346.00 352.00 359.00 365.00 370.00 375.00 381.00 386.00 392.00 399.00 406.00 412.00 419.00 425.00 429.00 431.00 433.00 436.00 440.00 444.00 450.00 456.00 463.00 470.00 478.00
461.00 447.00 434.00 423.00 413.00 404.00 395.00 385.00 370.00 349.00 325.00 306.00 297.00 294.00 296.00 299.00 304.00 308.00 311.00 312.00 311.00 309.00 307.00 305.00 303.00 303.00 304.00 306.00 310.00 316.00 328.00 339.00 346.00 349.00 350.00 351.00 352.00 353.00 354.00 353.00 352.00 349.00 345.00 340.00 337.00 341.00 347.00 354.00 361.00 368.00 374.00 379.00 385.00 391.00 397.00 404.00 411.00 417.00 423.00 428.00 431.00 434.00 437.00 440.00 444.00 449.00 454.00 459.00 466.00 473.00 481.00
462.00 448.00 435.00 423.00 412.00 403.00 393.00 382.00 366.00 345.00 321.00 304.00 296.00 295.00 297.00 301.00 305.00 309.00 311.00 312.00 311.00 309.00 307.00 305.00 304.00 304.00 305.00 308.00 311.00 318.00 330.00 343.00 349.00 352.00 353.00 353.00 354.00 355.00 356.00 357.00 356.00 353.00 349.00 344.00 340.00 341.00 348.00 355.00 363.00 370.00 377.00 383.00 389.00 396.00 402.00 409.00 416.00 422.00 426.00 430.00 434.00 437.00 440.00 444.00 448.00 452.00 457.00 463.00 469.00 476.00 483.00
464.00 449.00 436.00 423.00 412.00 401.00 390.00 377.00 360.00 338.00 316.00 302.00 297.00 296.00 298.00 302.00 307.00 310.00 312.00 312.00 311.00 309.00 307.00 306.00 305.00 305.00 306.00 308.00 312.00 318.00 331.00 345.00 350.00 353.00 354.00 355.00 356.00 357.00 358.00 359.00 359.00 357.00 354.00 349.00 343.00 342.00 348.00 356.00 365.00 373.00 380.00 387.00 393.00 400.00 407.00 414.00 421.00 425.00 429.00 433.00 436.00 439.00 443.00 447.00 451.00 456.00 461.00 466.00 472.00 479.00 486.00
465.00 450.00 437.00 424.00 411.00 398.00 385.00 371.00 354.00 331.00 311.00 301.00 298.00 298.00 301.00 304.00 308.00 311.00 312.00 312.00 311.00 309.00 308.00 306.00 306.00 306.00 307.00 309.00 313.00 320.00 331.00 342.00 348.00 352.00 354.00 355.00 356.00 358.00 360.00 362.00 362.00 362.00 359.00 355.00 348.00 344.00 349.00 357.00 365.00 374.00 382.00 389.00 396.00 403.00 410.00 417.00 423.00 428.00 431.00 434.00 438.00 441.00 446.00 450.00 454.00 459.00 463.00 469.00 474.00 481.00 488.00
467.00 451.00 437.00 424.00 409.00 394.00 378.00 362.00 343.00 324.00 310.00 302.00 300.00 301.00 303.00 306.00 309.00 311.00 312.00 312.00 311.00 309.00 308.00 307.00 307.00 308.00 309.00 310.00 314.00 321.00 330.00 340.00 347.00 351.00 354.00 356.00 358.00 360.00 362.00 364.00 365.00 365.00 364.00 361.00 353.00 347.00 350.00 357.00 366.00 375.00 383.00 391.00 398.00 405.00 413.00 420.00 425.00 429.00 432.00 435.00 439.00 443.00 448.00 452.00 457.00 461.00 466.00 471.00 476.00 483.00 490.00
468.00 453.00 438.00 423.00 407.00 389.00 370.00 352.00 334.00 317.00 308.00 303.00 302.00 303.00 305.00 307.00 309.00 311.00 311.00 311.00 310.00 309.00 309.00 308.00 309.00 309.00 310.00 311.00 314.00 322.00 331.00 340.00 346.00 351.00 354.00 357.00 359.00 362.00 365.00 367.00 368.00 369.00 368.00 365.00 358.00 351.00 352.00 359.00 367.00 376.00 385.00 392.00 400.00 407.00 414.00 421.00 426.00 430.00 433.00 436.00 440.00 445.00 450.00 455.00 460.00 464.00 468.00 472.00 478.00 484.00 491.00
469.00 453.00 438.00 422.00 405.00 385.00 365.00 345.00 327.00 314.00 307.00 304.00 304.00 305.00 306.00 308.00 309.00 310.00 310.00 310.00 310.00 310.00 310.00 310.00 310.00 310.00 310.00 310.00 314.00 323.00 334.00 344.00 350.00 353.00 357.00 360.00 362.00 365.00 367.00 370.00 371.00 372.00 371.00 368.00 362.00 356.00 355.00 361.00 369.00 377.00 386.00 394.00 402.00 409.00 416.00 421.00 426.00 430.00 433.00 437.00 441.00 446.00 452.00 457.00 462.00 466.00 470.00 474.00 479.00 485.00 492.00
469.00 454.00 438.00 421.00 402.00 381.00 360.00 339.00 320.00 309.00 306.00 306.00 306.00 307.00 309.00 310.00 310.00 310.00 310.00 310.00 309.00 310.00 311.00 311.00 311.00 310.00 309.00 309.00 313.00 325.00 341.00 352.00 356.00 359.00 361.00 363.00 365.00 368.00 370.00 372.00 374.00 374.00 373.00 371.00 366.00 360.00 359.00 364.00 371.00 379.00 388.00 396.00 404.00 411.00 417.00 422.00 427.00 430.00 434.00 437.00 442.00 447.00 453.00 459.00 464.00 468.00 473.00 477.00 481.00 487.00 492.00
469.00 453.00 437.00 418.00 398.00 377.00 355.00 333.00 314.00 304.00 305.00 307.00 308.00 310.00 311.00 311.00 311.00 311.00 310.00 309.00 309.00 310.00 312.00 312.00 311.00 310.00 309.00 309.00 315.00 330.00 352.00 361.00 364.00 364.00 365.00 366.00 368.00 370.00 372.00 374.00 376.00 377.00 376.00 373.00 369.00 364.00 363.00 367.00 373.00 381.00 390.00 398.00 406.00 413.00 419.00 424.00 427.00 430.00 434.00 438.00 443.00 449.00 454.00 459.00 464.00 469.00 474.00 479.00 484.00 488.00 492.00
467.00 451.00 434.00 415.00 395.00 372.00 349.00 327.00 309.00 300.00 303.00 307.00 310.00 312.00 313.00 313.00 312.00 311.00 310.00 309.00 309.00 311.00 312.00 313.00 311.00 310.00 310.00 313.00 322.00 341.00 361.00 367.00 369.00 370.00 369.00 369.00 370.00 372.00 374.00 376.00 378.00 379.00 379.00 376.00 372.00 368.00 366.00 370.00 376.00 383.00 392.00 400.00 408.00 414.00 420.00 424.00 427.00 430.00 433.00 438.00 444.00 449.00 454.00 459.00 463.00 468.00 474.00 479.00 484.00 487.00 491.00
465.00 447.00 430.00 411.00 390.00 368.00 344.00 323.00 307.00 299.00 303.00 308.00 311.00 313.00 314.00 313.00 312.00 311.00 310.00 309.00 310.00 311.00 313.00 313.00 312.00 311.00 313.00 320.00 334.00 350.00 363.00 370.00 372.00 373.00 372.00 372.00 372.00 374.00 376.00 378.00 379.00 381.00 381.00 379.00 376.00 372.00 370.00 373.00 379.00 385.00 393.00 401.00 408.00 415.00 421.00 424.00 427.00 429.00 433.00 438.00 444.00 449.00 453.00 457.00 460.00 465.00 470.00 475.00 479.00 484.00 489.00
462.00 444.00 426.00 407.00 386.00 363.00 340.00 320.00 306.00 299.00 303.00 308.00 312.00 314.00 314.00 314.00 313.00 311.00 310.00 309.00 310.00 312.00 313.00 313.00 313.00 314.00 319.00 328.00 343.00 357.00 366.00 371.00 374.00 374.00 374.00 374.00 374.00 375.00 377.00 379.00 381.00 382.00 383.00 382.00 380.00 376.00 373.00 375.00 380.00 386.00 393.00 400.00 407.00 414.00 419.00 423.00 426.00 428.00 431.00 437.00 443.00 448.00 451.00 452.00 455.00 461.00 466.00 471.00 475.00 479.00 485.00
460.00 441.00 423.00 403.00 381.00 359.00 336.00 317.00 305.00 300.00 303.00 308.00 312.00 314.00 315.00 314.00 312.00 311.00 310.00 310.00 311.00 312.00 313.00 313.00 314.00 317.00 323.00 334.00 347.00 359.00 366.00 371.00 374.00 375.00 375.00 375.00 375.00 376.00 378.00 380.00 382.00 383.00 385.00 385.00 383.00 380.00 377.00 377.00 381.00 386.00 392.00 398.00 404.00 410.00 416.00 420.00 423.00 425.00 428.00 433.00 439.00 443.00 446.00 447.00 451.00 456.00 462.00 467.00 471.00 476.00 482.00
458.00 439.00 420.00 399.00 377.00 354.00 332.00 315.00 305.00 301.00 304.00 309.00 312.00 314.00 314.00 314.00 312.00 311.00 310.00 309.00 310.00 311.00 312.00 314.00 316.00 320.00 327.00 336.00 345.00 354.00 363.00 370.00 373.00 374.00 375.00 375.00 375.00 376.00 378.00 380.00 382.00 384.00 386.00 386.00 386.00 383.00 380.00 379.00 381.00 385.00 389.00 394.00 399.00 405.00 410.00 415.00 419.00 421.00 425.00 429.00 433.00 436.00 440.00 445.00 450.00 456.00 461.00 467.00 471.00 476.00 481.00
456.00 436.00 416.00 395.00 373.00 349.00 328.00 314.00 305.00 302.00 305.00 309.00 312.00 314.00 314.00 313.00 312.00 311.00 309.00 309.00 309.00 310.00 313.00 315.00 318.00 323.00 329.00 337.00 345.00 353.00 361.00 367.00 371.00 373.00 374.00 375.00 375.00 376.00 377.00 379.00 381.00 384.00 386.00 388.00 388.00 387.00 385.00 383.00 382.00 383.00 387.00 391.00 396.00 400.00 405.00 410.00 414.00 418.00 422.00 425.00 429.00 435.00 442.00 448.00 454.00 460.00 466.00 473.00 477.00 481.00 484.00
453.00 434.00 413.00 390.00 367.00 345.00 325.00 312.00 306.00 303.00 306.00 309.00 312.00 313.00 314.00 313.00 312.00 310.00 309.00 309.00 309.00 311.00 313.00 317.00 322.00 327.00 333.00 339.00 344.00 350.00 356.00 364.00 369.00 372.00 373.00 374.00 375.00 376.00 377.00 379.00 381.00 384.00 386.00 389.00 390.00 391.00 391.00 389.00 388.00 388.00 389.00 391.00 394.00 398.00 402.00 406.00 410.00 414.00 418.00 425.00 432.00 440.00 446.00 453.00 459.00 466.00 473.00 479.00 484.00 488.00 491.00
451.00 431.00 409.00 385.00 362.00 340.00 322.00 311.00 306.00 304.00 306.00 309.00 312.00 313.00 313.00 313.00 311.00 310.00 309.00 308.00 309.00 311.00 315.00 320.00 326.00 332.00 337.00 342.00 344.00 347.00 352.00 361.00 367.00 370.00 372.00 373.00 374.00 375.00 377.00 378.00 380.00 383.00 386.00 390.00 392.00 395.00 397.00 397.00 396.00 395.00 395.00 396.00 397.00 398.00 400.00 403.00 407.00 411.00 415.00 421.00 430.00 441.00 449.00 456.00 463.00 471.00 478.00 485.00 490.00 496.00 500.00
449.00 428.00 405.00 380.00 357.00 336.00 320.00 311.00 306.00 304.00 306.00 309.00 311.00 312.00 313.00 312.00 311.00 310.00 309.00 308.00 309.00 311.00 316.00 322.00 330.00 337.00 343.00 346.00 347.00 348.00 352.00 358.00 364.00 368.00 370.00 372.00 374.00 375.00 377.00 378.00 381.00 384.00 387.00 390.00 394.00 398.00 401.00 403.00 404.00 404.00 404.00 404.00 403.00 401.00 402.00 407.00 410.00 411.00 412.00 416.00 424.00 436.00 448.00 457.00 465.00 472.00 480.00 487.00 495.00 502.00 508.00
446.00 425.00 402.00 379.00 356.00 334.00 317.00 310.00 305.00 304.00 305.00 308.00 310.00 312.00 313.00 312.00 311.00 310.00 309.00 308.00 309.00 311.00 316.00 324.00 333.00 342.00 349.00 352.00 353.00 352.00 353.00 357.00 362.00 366.00 369.00 371.00 373.00 375.00 377.00 379.00 382.00 385.00 388.00 392.00 396.00 400.00 405.00 409.00 411.00 413.00 415.00 416.00 415.00 414.00 416.00 418.00 418.00 416.00 414.00 415.00 419.00 430.00 444.00 456.00 464.00 472.00 480.00 489.00 497.00 506.00 513.00
444.00 423.00 402.00 381.00 359.00 335.00 316.00 308.00 304.00 303.00 304.00 307.00 309.00 311.00 312.00 312.00 311.00 310.00 309.00 308.00 308.00 310.00 315.00 323.00 335.00 346.00 355.00 359.00 360.00 358.00 356.00 357.00 360.00 364.00 368.00 371.00 373.00 376.00 378.00 381.00 384.00 387.00 391.00 394.00 398.00 403.00 409.00 413.00 417.00 420.00 423.00 425.00 426.00 427.00 430.00 430.00 429.00 426.00 420.00 416.00 417.00 425.00 440.00 453.00 463.00 470.00 479.00 488.00 497.00 506.00 515.00
