models/Grenoble_16_dalles/BDALTIV1_FXX_0920_6470_MNT_20120919_LAMB93_IGN69.asc
ncols        400
nrows        400
xllcorner    919987.50000000
yllcorner    6460012.50000000
cellsize     25.00000000
NODATA_value -99999.00
[rows 128 to 159 of 400, columns 71 to 141 of 400]
515.00 504.00 495.00 488.00 485.00 487.00 486.00 483.00 479.00 477.00 475.00 475.00 476.00 478.00 479.00 480.00 480.00 480.00 480.00 479.00 479.00 478.00 477.00 477.00 476.00 475.00 474.00 473.00 472.00 471.00 469.00 468.00 466.00 465.00 463.00 462.00 460.00 458.00 456.00 454.00 452.00 450.00 448.00 446.00 444.00 442.00 440.00 438.00 436.00 434.00 433.00 431.00 429.00 427.00 425.00 422.00 420.00 418.00 416.00 414.00 412.00 410.00 408.00 406.00 404.00 401.00 399.00 396.00 393.00 390.00 387.00
514.00 502.00 493.00 485.00 480.00 479.00 478.00 476.00 474.00 473.00 472.00 473.00 474.00 475.00 476.00 477.00 477.00 477.00 477.00 476.00 476.00 475.00 475.00 474.00 473.00 472.00 472.00 471.00 470.00 468.00 467.00 465.00 464.00 462.00 461.00 459.00 458.00 456.00 454.00 452.00 450.00 448.00 446.00 444.00 442.00 440.00 438.00 436.00 434.00 433.00 431.00 429.00 427.00 425.00 423.00 421.00 419.00 416.00 414.00 412.00 410.00 408.00 406.00 404.00 402.00 400.00 397.00 394.00 391.00 389.00 386.00
511.00 500.00 491.00 483.00 477.00 475.00 473.00 471.00 470.00 470.00 470.00 470.00 471.00 472.00 473.00 473.00 474.00 474.00 474.00 473.00 473.00 472.00 472.00 471.00 470.00 469.00 469.00 468.00 467.00 466.00 465.00 463.00 462.00 460.00 458.00 457.00 455.00 454.00 452.00 450.00 448.00 446.00 444.00 442.00 440.00 438.00 436.00 435.00 433.00 431.00 429.00 427.00 425.00 423.00 421.00 419.00 417.00 415.00 413.00 411.00 409.00 407.00 405.00 403.00 400.00 398.00 395.00 392.00 390.00 387.00 384.00
508.00 499.00 490.00 482.00 476.00 471.00 468.00 467.00 467.00 467.00 468.00 468.00 469.00 470.00 470.00 471.00 471.00 471.00 470.00 470.00 470.00 469.00 469.00 468.00 467.00 466.00 466.00 466.00 465.00 464.00 462.00 461.00 459.00 458.00 456.00 454.00 453.00 451.00 449.00 448.00 446.00 444.00 442.00 440.00 438.00 436.00 435.00 433.00 431.00 429.00 427.00 426.00 424.00 422.00 420.00 418.00 415.00 413.00 411.00 409.00 407.00 405.00 403.00 401.00 399.00 396.00 393.00 391.00 388.00 385.00 382.00
503.00 496.00 489.00 482.00 474.00 468.00 465.00 464.00 465.00 465.00 466.00 466.00 467.00 467.00 468.00 468.00 468.00 468.00 467.00 467.00 467.00 466.00 466.00 465.00 464.00 463.00 464.00 464.00 463.00 461.00 460.00 458.00 456.00 455.00 453.00 452.00 450.00 448.00 447.00 445.00 444.00 442.00 440.00 438.00 436.00 434.00 433.00 431.00 429.00 428.00 426.00 424.00 422.00 420.00 418.00 416.00 414.00 412.00 409.00 407.00 405.00 403.00 401.00 399.00 397.00 394.00 392.00 389.00 386.00 383.00 381.00
497.00 492.00 488.00 481.00 472.00 465.00 462.00 462.00 463.00 463.00 464.00 464.00 465.00 465.00 465.00 465.00 465.00 465.00 464.00 464.00 463.00 463.00 463.00 462.00 461.00 461.00 462.00 461.00 460.00 459.00 457.00 455.00 454.00 452.00 450.00 449.00 447.00 446.00 444.00 443.00 441.00 440.00 438.00 436.00 434.00 433.00 431.00 429.00 428.00 426.00 424.00 422.00 420.00 418.00 416.00 414.00 412.00 410.00 408.00 406.00 404.00 401.00 399.00 397.00 395.00 393.00 390.00 388.00 385.00 382.00 379.00
490.00 487.00 484.00 478.00 469.00 462.00 461.00 461.00 461.00 461.00 462.00 462.00 462.00 462.00 462.00 462.00 462.00 462.00 461.00 461.00 460.00 460.00 459.00 459.00 458.00 458.00 458.00 458.00 457.00 456.00 454.00 452.00 451.00 449.00 448.00 446.00 445.00 443.00 442.00 440.00 439.00 437.00 436.00 434.00 432.00 431.00 429.00 428.00 426.00 424.00 422.00 420.00 419.00 417.00 415.00 412.00 410.00 408.00 406.00 404.00 402.00 400.00 398.00 395.00 393.00 391.00 389.00 386.00 383.00 381.00 378.00
481.00 480.00 478.00 473.00 467.00 462.00 459.00 459.00 459.00 459.00 459.00 459.00 459.00 460.00 460.00 459.00 459.00 459.00 458.00 458.00 458.00 457.00 457.00 456.00 455.00 455.00 455.00 454.00 453.00 452.00 451.00 450.00 448.00 446.00 445.00 443.00 442.00 441.00 439.00 438.00 437.00 435.00 433.00 432.00 430.00 429.00 427.00 426.00 424.00 422.00 421.00 419.00 417.00 415.00 413.00 411.00 409.00 407.00 404.00 402.00 400.00 398.00 396.00 394.00 391.00 389.00 387.00 385.00 382.00 380.00 377.00
477.00 475.00 472.00 469.00 465.00 461.00 458.00 457.00 456.00 456.00 456.00 456.00 457.00 457.00 457.00 457.00 456.00 456.00 455.00 455.00 455.00 454.00 454.00 453.00 452.00 452.00 451.00 450.00 450.00 449.00 448.00 447.00 445.00 444.00 442.00 441.00 439.00 438.00 437.00 435.00 434.00 433.00 431.00 430.00 428.00 427.00 425.00 424.00 422.00 421.00 419.00 417.00 415.00 413.00 411.00 409.00 407.00 405.00 403.00 401.00 398.00 396.00 394.00 392.00 390.00 387.00 385.00 383.00 381.00 379.00 376.00
475.00 472.00 469.00 465.00 462.00 459.00 457.00 455.00 454.00 453.00 453.00 453.00 453.00 454.00 454.00 454.00 453.00 453.00 453.00 452.00 452.00 452.00 451.00 450.00 450.00 448.00 447.00 447.00 447.00 446.00 445.00 444.00 442.00 441.00 439.00 438.00 437.00 436.00 434.00 433.00 432.00 430.00 429.00 428.00 426.00 425.00 423.00 422.00 420.00 419.00 417.00 415.00 413.00 411.00 409.00 407.00 405.00 403.00 401.00 399.00 397.00 394.00 392.00 390.00 388.00 386.00 384.00 382.00 380.00 377.00 375.00
474.00 470.00 467.00 463.00 461.00 458.00 455.00 453.00 452.00 451.00 450.00 450.00 450.00 451.00 451.00 451.00 451.00 450.00 450.00 449.00 449.00 449.00 448.00 448.00 447.00 446.00 444.00 443.00 444.00 444.00 443.00 441.00 440.00 438.00 437.00 436.00 434.00 433.00 432.00 431.00 429.00 428.00 427.00 426.00 424.00 423.00 421.00 420.00 418.00 417.00 415.00 413.00 412.00 410.00 408.00 406.00 404.00 401.00 399.00 397.00 395.00 393.00 390.00 388.00 386.00 384.00 382.00 380.00 378.00 376.00 374.00
474.00 470.00 466.00 463.00 460.00 457.00 454.00 451.00 449.00 448.00 447.00 447.00 448.00 448.00 448.00 448.00 448.00 447.00 447.00 447.00 446.00 446.00 445.00 445.00 444.00 443.00 442.00 440.00 441.00 441.00 440.00 438.00 437.00 435.00 434.00 433.00 432.00 431.00 429.00 428.00 427.00 426.00 425.00 423.00 422.00 421.00 419.00 418.00 416.00 415.00 413.00 412.00 410.00 408.00 406.00 404.00 402.00 400.00 397.00 395.00 393.00 391.00 389.00 386.00 384.00 382.00 380.00 379.00 377.00 375.00 373.00
474.00 470.00 467.00 464.00 460.00 457.00 453.00 450.00 447.00 445.00 445.00 445.00 445.00 445.00 445.00 445.00 445.00 444.00 444.00 444.00 443.00 443.00 442.00 442.00 441.00 440.00 439.00 438.00 438.00 437.00 436.00 435.00 434.00 433.00 432.00 431.00 429.00 428.00 427.00 426.00 425.00 423.00 422.00 421.00 420.00 419.00 417.00 416.00 414.00 413.00 411.00 410.00 408.00 406.00 404.00 402.00 400.00 398.00 396.00 393.00 391.00 389.00 387.00 385.00 383.00 381.00 379.00 377.00 375.00 373.00 372.00
475.00 471.00 468.00 464.00 461.00 457.00 452.00 448.00 445.00 442.00 442.00 442.00 442.00 442.00 442.00 442.00 442.00 441.00 441.00 441.00 441.00 440.00 440.00 439.00 438.00 438.00 436.00 435.00 435.00 434.00 433.00 432.00 431.00 430.00 429.00 428.00 427.00 426.00 424.00 423.00 422.00 421.00 420.00 419.00 418.00 417.00 415.00 414.00 412.00 411.00 409.00 408.00 406.00 404.00 403.00 400.00 398.00 396.00 394.00 391.00 389.00 387.00 385.00 383.00 381.00 379.00 378.00 376.00 374.00 372.00 370.00
476.00 472.00 469.00 465.00 462.00 457.00 452.00 447.00 443.00 440.00 440.00 440.00 440.00 440.00 439.00 439.00 439.00 439.00 439.00 438.00 438.00 438.00 437.00 436.00 436.00 435.00 434.00 432.00 431.00 430.00 430.00 429.00 429.00 428.00 427.00 426.00 425.00 423.00 422.00 421.00 420.00 419.00 418.00 417.00 416.00 415.00 413.00 412.00 410.00 409.00 407.00 406.00 404.00 403.00 401.00 399.00 396.00 394.00 392.00 389.00 387.00 385.00 383.00 381.00 380.00 378.00 376.00 374.00 373.00 371.00 369.00
476.00 473.00 469.00 466.00 462.00 457.00 452.00 447.00 442.00 439.00 438.00 438.00 437.00 437.00 437.00 436.00 436.00 436.00 436.00 436.00 435.00 435.00 434.00 434.00 433.00 432.00 431.00 430.00 428.00 427.00 427.00 427.00 426.00 426.00 425.00 423.00 422.00 421.00 420.00 419.00 418.00 417.00 416.00 415.00 414.00 412.00 411.00 410.00 408.00 407.00 405.00 404.00 402.00 400.00 399.00 396.00 394.00 392.00 390.00 387.00 385.00 383.00 382.00 380.00 378.00 376.00 375.00 373.00 371.00 370.00 368.00
475.00 472.00 469.00 466.00 462.00 457.00 451.00 446.00 441.00 439.00 437.00 436.00 435.00 434.00 434.00 434.00 433.00 433.00 433.00 433.00 432.00 432.00 432.00 431.00 431.00 430.00 429.00 427.00 425.00 424.00 424.00 425.00 424.00 423.00 422.00 421.00 420.00 419.00 418.00 416.00 415.00 414.00 413.00 412.00 411.00 410.00 409.00 408.00 406.00 405.00 403.00 402.00 400.00 398.00 396.00 394.00 392.00 390.00 387.00 385.00 383.00 382.00 380.00 378.00 377.00 375.00 373.00 372.00 370.00 368.00 367.00
474.00 471.00 468.00 464.00 460.00 456.00 450.00 445.00 440.00 438.00 435.00 434.00 433.00 432.00 431.00 431.00 431.00 431.00 430.00 430.00 430.00 429.00 429.00 429.00 428.00 428.00 427.00 425.00 423.00 421.00 422.00 423.00 422.00 421.00 420.00 419.00 418.00 416.00 415.00 414.00 413.00 412.00 411.00 410.00 409.00 408.00 407.00 406.00 404.00 403.00 401.00 400.00 398.00 396.00 394.00 392.00 390.00 387.00 385.00 383.00 381.00 380.00 378.00 377.00 375.00 374.00 372.00 371.00 369.00 367.00 365.00
472.00 468.00 465.00 462.00 458.00 454.00 449.00 445.00 440.00 437.00 434.00 432.00 431.00 430.00 429.00 429.00 428.00 428.00 428.00 427.00 427.00 427.00 426.00 426.00 425.00 425.00 424.00 424.00 422.00 419.00 421.00 421.00 420.00 419.00 418.00 416.00 415.00 414.00 413.00 412.00 411.00 410.00 409.00 408.00 407.00 406.00 405.00 404.00 402.00 401.00 399.00 397.00 396.00 394.00 392.00 390.00 387.00 385.00 383.00 381.00 380.00 378.00 377.00 375.00 374.00 372.00 371.00 369.00 368.00 366.00 364.00
469.00 466.00 463.00 459.00 455.00 451.00 447.00 443.00 439.00 436.00 433.00 430.00 429.00 427.00 427.00 426.00 426.00 426.00 425.00 425.00 424.00 424.00 424.00 423.00 423.00 422.00 422.00 421.00 420.00 418.00 419.00 418.00 418.00 416.00 415.00 414.00 413.00 412.00 411.00 410.00 409.00 408.00 407.00 406.00 405.00 404.00 402.00 401.00 400.00 398.00 397.00 395.00 393.00 392.00 390.00 387.00 385.00 383.00 381.00 379.00 378.00 376.00 375.00 374.00 372.00 371.00 369.00 368.00 366.00 365.00 363.00
465.00 462.00 460.00 456.00 453.00 449.00 445.00 441.00 438.00 434.00 431.00 429.00 427.00 425.00 424.00 424.00 423.00 423.00 423.00 422.00 422.00 421.00 421.00 421.00 420.00 420.00 419.00 418.00 417.00 417.00 416.00 416.00 415.00 414.00 413.00 412.00 411.00 410.00 409.00 408.00 407.00 406.00 405.00 404.00 402.00 401.00 400.00 399.00 397.00 396.00 394.00 393.00 391.00 389.00 387.00 385.00 383.00 381.00 379.00 378.00 376.00 375.00 373.00 372.00 371.00 369.00 368.00 367.00 365.00 363.00 362.00
461.00 459.00 456.00 453.00 450.00 446.00 442.00 439.00 435.00 432.00 430.00 427.00 425.00 423.00 422.00 421.00 421.00 420.00 420.00 420.00 419.00 419.00 418.00 418.00 418.00 417.00 416.00 416.00 415.00 414.00 413.00 413.00 412.00 411.00 410.00 410.00 409.00 408.00 407.00 406.00 405.00 404.00 402.00 401.00 400.00 399.00 398.00 396.00 395.00 393.00 392.00 390.00 389.00 387.00 385.00 384.00 382.00 380.00 378.00 376.00 375.00 373.00 372.00 371.00 369.00 368.00 367.00 365.00 364.00 362.00 360.00
457.00 455.00 453.00 450.00 447.00 444.00 440.00 436.00 433.00 430.00 428.00 425.00 423.00 421.00 419.00 419.00 418.00 418.00 417.00 417.00 417.00 416.00 416.00 416.00 415.00 415.00 414.00 413.00 412.00 411.00 410.00 410.00 409.00 409.00 408.00 407.00 406.00 406.00 405.00 404.00 403.00 401.00 400.00 399.00 398.00 396.00 395.00 394.00 392.00 391.00 389.00 388.00 386.00 385.00 383.00 382.00 380.00 378.00 376.00 375.00 373.00 372.00 371.00 369.00 368.00 366.00 365.00 364.00 362.00 361.00 359.00
452.00 451.00 449.00 447.00 445.00 442.00 438.00 434.00 431.00 428.00 425.00 423.00 421.00 419.00 417.00 416.00 416.00 415.00 415.00 415.00 414.00 414.00 414.00 413.00 413.00 412.00 411.00 410.00 409.00 408.00 407.00 407.00 407.00 406.00 406.00 405.00 404.00 403.00 402.00 401.00 400.00 399.00 398.00 396.00 395.00 394.00 393.00 391.00 390.00 388.00 387.00 385.00 384.00 383.00 381.00 380.00 378.00 377.00 375.00 373.00 372.00 371.00 369.00 368.00 366.00 365.00 364.00 362.00 361.00 359.00 358.00
447.00 446.00 445.00 444.00 442.00 439.00 435.00 431.00 428.00 425.00 423.00 421.00 419.00 417.00 415.00 414.00 413.00 413.00 413.00 412.00 412.00 412.00 411.00 411.00 410.00 410.00 409.00 408.00 407.00 406.00 404.00 404.00 404.00 404.00 404.00 403.00 402.00 401.00 400.00 399.00 398.00 396.00 395.00 394.00 393.00 391.00 390.00 389.00 387.00 386.00 384.00 383.00 382.00 380.00 379.00 378.00 377.00 375.00 374.00 372.00 371.00 369.00 368.00 366.00 365.00 363.00 362.00 361.00 359.00 358.00 356.00
442.00 440.00 441.00 441.00 439.00 436.00 432.00 428.00 425.00 422.00 420.00 418.00 416.00 415.00 413.00 412.00 411.00 411.00 410.00 410.00 410.00 409.00 409.00 408.00 408.00 407.00 407.00 406.00 405.00 404.00 402.00 401.00 402.00 402.00 401.00 400.00 399.00 398.00 397.00 396.00 395.00 394.00 393.00 391.00 390.00 389.00 387.00 386.00 385.00 383.00 382.00 381.00 379.00 378.00 377.00 376.00 375.00 373.00 372.00 371.00 369.00 368.00 366.00 365.00 363.00 362.00 360.00 359.00 358.00 356.00 355.00
440.00 437.00 437.00 436.00 435.00 432.00 429.00 425.00 422.00 419.00 417.00 415.00 413.00 412.00 411.00 410.00 409.00 408.00 408.00 407.00 407.00 407.00 406.00 406.00 405.00 405.00 404.00 404.00 403.00 402.00 401.00 399.00 399.00 400.00 399.00 398.00 397.00 396.00 395.00 393.00 392.00 391.00 390.00 389.00 387.00 386.00 385.00 384.00 382.00 381.00 380.00 379.00 377.00 376.00 375.00 374.00 373.00 372.00 370.00 369.00 368.00 366.00 365.00 363.00 362.00 360.00 359.00 357.00 356.00 355.00 353.00
438.00 435.00 433.00 432.00 431.00 428.00 425.00 422.00 419.00 416.00 413.00 412.00 410.00 409.00 409.00 408.00 407.00 406.00 406.00 405.00 405.00 404.00 404.00 403.00 403.00 402.00 402.00 401.00 401.00 400.00 399.00 397.00 397.00 397.00 396.00 395.00 394.00 393.00 392.00 391.00 389.00 388.00 387.00 386.00 385.00 384.00 382.00 381.00 380.00 379.00 378.00 376.00 375.00 374.00 373.00 372.00 371.00 370.00 369.00 368.00 366.00 365.00 363.00 362.00 360.00 359.00 357.00 356.00 354.00 353.00 351.00
435.00 432.00 429.00 428.00 427.00 425.00 421.00 418.00 415.00 412.00 410.00 409.00 408.00 407.00 406.00 405.00 405.00 404.00 403.00 403.00 402.00 402.00 401.00 401.00 400.00 400.00 399.00 399.00 398.00 397.00 396.00 395.00 394.00 394.00 393.00 392.00 391.00 390.00 389.00 388.00 387.00 386.00 384.00 383.00 382.00 381.00 380.00 379.00 378.00 377.00 376.00 375.00 374.00 373.00 372.00 371.00 370.00 368.00 367.00 366.00 364.00 363.00 361.00 360.00 358.00 357.00 356.00 354.00 353.00 351.00 350.00
432.00 428.00 425.00 424.00 423.00 421.00 418.00 415.00 412.00 409.00 407.00 405.00 405.00 404.00 404.00 403.00 402.00 401.00 401.00 400.00 400.00 399.00 399.00 398.00 398.00 397.00 397.00 396.00 395.00 395.00 394.00 393.00 392.00 391.00 390.00 389.00 389.00 387.00 386.00 385.00 384.00 383.00 382.00 381.00 380.00 379.00 378.00 377.00 376.00 375.00 374.00 373.00 372.00 371.00 370.00 369.00 368.00 367.00 366.00 364.00 363.00 361.00 360.00 358.00 357.00 355.00 354.00 352.00 351.00 350.00 348.00
428.00 425.00 422.00 420.00 419.00 417.00 415.00 412.00 409.00 406.00 404.00 402.00 402.00 401.00 401.00 400.00 399.00 399.00 398.00 398.00 397.00 397.00 396.00 396.00 395.00 395.00 394.00 393.00 393.00 392.00 391.00 390.00 389.00 388.00 387.00 387.00 386.00 385.00 384.00 382.00 381.00 380.00 379.00 378.00 377.00 377.00 376.00 375.00 374.00 373.00 372.00 371.00 370.00 369.00 368.00 367.00 366.00 365.00 364.00 363.00 361.00 360.00 358.00 356.00 355.00 354.00 352.00 351.00 349.00 348.00 346.00
425.00 422.00 419.00 417.00 415.00 413.00 411.00 409.00 406.00 403.00 401.00 400.00 399.00 399.00 398.00 397.00 397.00 396.00 396.00 395.00 395.00 394.00 394.00 393.00 392.00 392.00 391.00 391.00 390.00 390.00 389.00 387.00 386.00 385.00 385.00 385.00 384.00 383.00 381.00 380.00 379.00 378.00 377.00 376.00 375.00 374.00 374.00 373.00 372.00 371.00 370.00 369.00 368.00 367.00 366.00 365.00 364.00 363.00 362.00 361.00 359.00 358.00 356.00 355.00 353.00 352.00 350.00 349.00 348.00 346.00 345.00
