models/Grenoble_16_dalles/BDALTIV1_FXX_0900_6440_MNT_20120919_LAMB93_IGN69.asc
ncols        400
nrows        400
xllcorner    899987.50000000
yllcorner    6430012.50000000
cellsize     25.00000000
NODATA_value -99999.00
[rows 310 to 340 of 400, columns 68 to 135 of 400]
994.00 981.00 969.00 957.00 947.00 939.00 931.00 923.00 916.00 910.00 904.00 899.00 894.00 889.00 883.00 877.00 872.00 866.00 861.00 855.00 849.00 843.00 835.00 826.00 820.00 816.00 813.00 807.00 795.00 781.00 766.00 755.00 745.00 733.00 722.00 715.00 712.00 715.00 722.00 734.00 747.00 759.00 772.00 786.00 800.00 813.00 827.00 842.00 856.00 868.00 879.00 887.00 892.00 888.00 878.00 866.00 856.00 849.00 843.00 838.00 833.00 827.00 822.00 817.00 812.00 807.00 802.00 797.00
999.00 986.00 973.00 961.00 951.00 942.00 933.00 926.00 918.00 912.00 906.00 901.00 896.00 890.00 884.00 878.00 872.00 866.00 860.00 853.00 846.00 839.00 828.00 816.00 807.00 803.00 799.00 791.00 778.00 762.00 749.00 741.00 735.00 727.00 718.00 713.00 709.00 710.00 717.00 726.00 735.00 746.00 757.00 770.00 784.00 798.00 813.00 828.00 842.00 855.00 866.00 875.00 878.00 873.00 861.00 849.00 841.00 834.00 827.00 821.00 816.00 811.00 806.00 802.00 797.00 792.00 787.00 782.00
1005.00 991.00 978.00 966.00 954.00 945.00 936.00 928.00 921.00 914.00 908.00 902.00 897.00 891.00 885.00 879.00 873.00 866.00 859.00 852.00 844.00 835.00 823.00 810.00 799.00 792.00 786.00 778.00 768.00 756.00 748.00 743.00 737.00 729.00 718.00 712.00 707.00 706.00 711.00 718.00 725.00 735.00 745.00 755.00 768.00 783.00 800.00 816.00 829.00 842.00 854.00 862.00 863.00 856.00 845.00 835.00 827.00 820.00 812.00 806.00 801.00 796.00 792.00 787.00 782.00 777.00 772.00 767.00
1011.00 996.00 983.00 970.00 958.00 948.00 939.00 931.00 923.00 916.00 910.00 904.00 899.00 893.00 887.00 880.00 874.00 867.00 860.00 852.00 843.00 834.00 822.00 809.00 798.00 788.00 781.00 776.00 772.00 766.00 760.00 755.00 748.00 736.00 723.00 713.00 706.00 702.00 705.00 710.00 717.00 724.00 733.00 741.00 752.00 767.00 784.00 802.00 816.00 828.00 841.00 849.00 849.00 840.00 831.00 823.00 815.00 807.00 799.00 793.00 788.00 783.00 778.00 773.00 768.00 762.00 757.00 753.00
1018.00 1003.00 989.00 975.00 963.00 951.00 942.00 934.00 926.00 919.00 912.00 906.00 900.00 894.00 888.00 882.00 875.00 867.00 860.00 853.00 845.00 837.00 826.00 814.00 803.00 792.00 787.00 786.00 785.00 781.00 775.00 768.00 759.00 747.00 733.00 720.00 709.00 701.00 699.00 703.00 708.00 715.00 721.00 727.00 737.00 750.00 766.00 784.00 799.00 812.00 825.00 834.00 835.00 827.00 819.00 810.00 802.00 794.00 787.00 780.00 775.00 770.00 765.00 759.00 753.00 747.00 743.00 739.00
1026.00 1010.00 995.00 981.00 968.00 955.00 945.00 936.00 929.00 921.00 914.00 908.00 902.00 896.00 890.00 883.00 875.00 868.00 861.00 855.00 849.00 842.00 830.00 817.00 805.00 796.00 795.00 799.00 802.00 799.00 790.00 781.00 771.00 759.00 744.00 729.00 715.00 704.00 697.00 697.00 700.00 705.00 710.00 715.00 723.00 733.00 747.00 764.00 781.00 796.00 809.00 820.00 821.00 815.00 806.00 796.00 787.00 779.00 773.00 767.00 761.00 755.00 749.00 744.00 738.00 733.00 729.00 726.00
1034.00 1019.00 1003.00 988.00 973.00 959.00 948.00 939.00 932.00 924.00 916.00 910.00 904.00 898.00 891.00 884.00 876.00 869.00 862.00 857.00 851.00 843.00 833.00 821.00 809.00 802.00 805.00 813.00 819.00 819.00 810.00 796.00 784.00 771.00 757.00 740.00 724.00 710.00 698.00 692.00 693.00 696.00 701.00 706.00 712.00 720.00 732.00 749.00 767.00 783.00 795.00 806.00 808.00 802.00 792.00 781.00 771.00 763.00 757.00 751.00 745.00 739.00 734.00 729.00 724.00 719.00 716.00 713.00
1044.00 1028.00 1012.00 996.00 980.00 965.00 952.00 943.00 935.00 927.00 919.00 913.00 906.00 900.00 893.00 885.00 877.00 870.00 864.00 858.00 852.00 845.00 836.00 827.00 819.00 814.00 817.00 826.00 835.00 839.00 834.00 818.00 798.00 781.00 767.00 753.00 736.00 720.00 705.00 693.00 689.00 690.00 694.00 700.00 706.00 714.00 726.00 743.00 760.00 775.00 785.00 793.00 794.00 789.00 777.00 765.00 753.00 745.00 739.00 733.00 728.00 723.00 719.00 715.00 711.00 707.00 704.00 701.00
1054.00 1038.00 1021.00 1004.00 987.00 972.00 958.00 947.00 938.00 930.00 923.00 916.00 909.00 902.00 895.00 887.00 879.00 872.00 866.00 861.00 855.00 848.00 842.00 836.00 831.00 826.00 828.00 838.00 849.00 858.00 860.00 848.00 820.00 793.00 778.00 764.00 748.00 731.00 716.00 701.00 690.00 687.00 690.00 696.00 703.00 712.00 724.00 740.00 755.00 767.00 775.00 780.00 780.00 774.00 762.00 748.00 736.00 728.00 722.00 717.00 713.00 709.00 706.00 703.00 700.00 696.00 693.00 691.00
1064.00 1048.00 1031.00 1013.00 996.00 980.00 965.00 953.00 943.00 935.00 927.00 920.00 912.00 905.00 897.00 889.00 882.00 875.00 869.00 864.00 859.00 854.00 850.00 847.00 842.00 835.00 837.00 848.00 860.00 872.00 880.00 873.00 846.00 811.00 789.00 774.00 758.00 742.00 725.00 708.00 694.00 687.00 688.00 694.00 701.00 711.00 723.00 736.00 748.00 757.00 762.00 765.00 765.00 759.00 746.00 733.00 722.00 714.00 708.00 704.00 700.00 697.00 695.00 693.00 691.00 688.00 685.00 683.00
1074.00 1059.00 1041.00 1023.00 1005.00 988.00 973.00 959.00 948.00 939.00 931.00 924.00 916.00 907.00 900.00 892.00 885.00 878.00 873.00 869.00 865.00 861.00 857.00 854.00 849.00 843.00 846.00 856.00 869.00 882.00 891.00 888.00 867.00 830.00 800.00 782.00 767.00 752.00 733.00 715.00 699.00 688.00 687.00 691.00 699.00 709.00 720.00 729.00 736.00 742.00 746.00 748.00 748.00 742.00 731.00 719.00 710.00 702.00 698.00 694.00 690.00 688.00 686.00 685.00 684.00 682.00 679.00 678.00
1082.00 1069.00 1051.00 1032.00 1014.00 997.00 981.00 966.00 953.00 944.00 935.00 927.00 919.00 910.00 902.00 895.00 888.00 883.00 878.00 875.00 870.00 865.00 861.00 856.00 852.00 849.00 853.00 863.00 876.00 889.00 895.00 890.00 871.00 837.00 806.00 786.00 772.00 758.00 740.00 721.00 702.00 687.00 684.00 689.00 696.00 704.00 712.00 717.00 721.00 724.00 726.00 729.00 730.00 725.00 716.00 707.00 699.00 693.00 688.00 685.00 683.00 682.00 680.00 680.00 679.00 678.00 677.00 676.00
1087.00 1077.00 1061.00 1042.00 1023.00 1006.00 990.00 974.00 960.00 949.00 939.00 930.00 921.00 912.00 904.00 897.00 891.00 887.00 884.00 881.00 874.00 867.00 861.00 856.00 853.00 853.00 857.00 867.00 880.00 892.00 895.00 884.00 857.00 826.00 802.00 783.00 772.00 761.00 744.00 724.00 702.00 686.00 681.00 685.00 690.00 697.00 701.00 704.00 704.00 705.00 706.00 709.00 711.00 708.00 702.00 696.00 691.00 685.00 682.00 680.00 679.00 679.00 678.00 677.00 677.00 676.00 676.00 675.00
1091.00 1083.00 1068.00 1050.00 1031.00 1014.00 998.00 981.00 967.00 954.00 943.00 932.00 922.00 913.00 905.00 898.00 893.00 889.00 887.00 883.00 876.00 866.00 858.00 852.00 852.00 855.00 860.00 869.00 880.00 891.00 888.00 866.00 833.00 805.00 784.00 770.00 765.00 759.00 744.00 724.00 702.00 686.00 680.00 681.00 685.00 689.00 691.00 691.00 690.00 688.00 688.00 691.00 693.00 693.00 690.00 687.00 684.00 681.00 679.00 678.00 677.00 677.00 676.00 676.00 676.00 676.00 676.00 676.00
1091.00 1085.00 1072.00 1055.00 1037.00 1020.00 1004.00 988.00 973.00 959.00 946.00 934.00 923.00 913.00 905.00 898.00 893.00 889.00 886.00 881.00 873.00 861.00 852.00 848.00 850.00 855.00 862.00 870.00 879.00 884.00 871.00 839.00 809.00 786.00 768.00 758.00 756.00 752.00 741.00 724.00 704.00 688.00 681.00 679.00 680.00 682.00 681.00 680.00 678.00 676.00 675.00 676.00 677.00 678.00 679.00 680.00 680.00 679.00 677.00 677.00 676.00 676.00 676.00 676.00 676.00 676.00 676.00 676.00
1090.00 1085.00 1072.00 1056.00 1039.00 1022.00 1007.00 992.00 977.00 962.00 947.00 933.00 922.00 912.00 904.00 897.00 892.00 888.00 883.00 875.00 866.00 854.00 845.00 842.00 846.00 854.00 864.00 871.00 873.00 867.00 845.00 813.00 788.00 770.00 757.00 749.00 746.00 742.00 733.00 720.00 705.00 692.00 684.00 680.00 678.00 677.00 675.00 674.00 672.00 670.00 668.00 669.00 670.00 672.00 674.00 676.00 678.00 678.00 676.00 676.00 676.00 676.00 676.00 676.00 676.00 676.00 677.00 678.00
1084.00 1079.00 1066.00 1050.00 1035.00 1020.00 1006.00 992.00 978.00 962.00 946.00 930.00 918.00 909.00 902.00 895.00 890.00 884.00 877.00 868.00 858.00 847.00 839.00 836.00 840.00 852.00 864.00 870.00 865.00 846.00 818.00 791.00 772.00 757.00 747.00 741.00 737.00 732.00 725.00 715.00 704.00 694.00 687.00 681.00 678.00 675.00 675.00 674.00 673.00 672.00 672.00 672.00 672.00 674.00 675.00 676.00 677.00 677.00 676.00 676.00 676.00 676.00 677.00 677.00 677.00 678.00 678.00 679.00
1071.00 1064.00 1051.00 1038.00 1026.00 1014.00 1003.00 989.00 975.00 959.00 942.00 926.00 914.00 905.00 898.00 892.00 886.00 879.00 871.00 861.00 850.00 839.00 830.00 825.00 830.00 846.00 861.00 864.00 852.00 826.00 797.00 774.00 758.00 746.00 738.00 732.00 728.00 724.00 717.00 709.00 701.00 693.00 686.00 681.00 677.00 676.00 676.00 676.00 677.00 677.00 676.00 676.00 676.00 677.00 677.00 677.00 677.00 677.00 676.00 676.00 676.00 677.00 677.00 678.00 679.00 679.00 680.00 682.00
1053.00 1044.00 1032.00 1022.00 1012.00 1004.00 994.00 983.00 969.00 954.00 937.00 922.00 910.00 900.00 894.00 888.00 882.00 874.00 865.00 854.00 843.00 833.00 823.00 816.00 819.00 836.00 851.00 851.00 834.00 805.00 779.00 760.00 746.00 735.00 728.00 723.00 719.00 716.00 710.00 704.00 698.00 691.00 685.00 680.00 677.00 676.00 677.00 677.00 678.00 679.00 679.00 679.00 679.00 678.00 678.00 677.00 677.00 677.00 676.00 676.00 677.00 677.00 678.00 680.00 681.00 681.00 683.00 685.00
1035.00 1025.00 1013.00 1003.00 995.00 989.00 982.00 974.00 962.00 948.00 931.00 916.00 904.00 894.00 887.00 882.00 875.00 867.00 858.00 848.00 837.00 829.00 822.00 816.00 811.00 816.00 825.00 824.00 809.00 784.00 763.00 747.00 735.00 726.00 719.00 715.00 712.00 708.00 704.00 700.00 695.00 689.00 683.00 679.00 678.00 678.00 678.00 678.00 679.00 679.00 679.00 679.00 679.00 678.00 678.00 677.00 677.00 678.00 678.00 678.00 678.00 679.00 680.00 682.00 683.00 685.00 687.00 689.00
1017.00 1006.00 993.00 984.00 977.00 972.00 969.00 963.00 955.00 942.00 927.00 911.00 897.00 886.00 878.00 872.00 866.00 859.00 851.00 841.00 831.00 825.00 827.00 829.00 819.00 803.00 796.00 791.00 782.00 765.00 748.00 735.00 725.00 718.00 713.00 709.00 707.00 703.00 700.00 696.00 692.00 687.00 682.00 679.00 679.00 679.00 679.00 679.00 679.00 679.00 679.00 679.00 679.00 678.00 677.00 678.00 678.00 680.00 681.00 682.00 682.00 683.00 684.00 685.00 687.00 689.00 691.00 694.00
998.00 987.00 975.00 965.00 959.00 956.00 954.00 950.00 945.00 937.00 924.00 906.00 889.00 877.00 869.00 862.00 856.00 850.00 842.00 833.00 827.00 826.00 832.00 840.00 838.00 815.00 788.00 771.00 759.00 746.00 734.00 723.00 716.00 711.00 708.00 706.00 704.00 701.00 697.00 693.00 689.00 686.00 683.00 680.00 681.00 681.00 681.00 681.00 681.00 680.00 679.00 679.00 679.00 679.00 678.00 679.00 682.00 684.00 687.00 688.00 688.00 689.00 690.00 691.00 693.00 695.00 697.00 699.00
976.00 966.00 956.00 948.00 943.00 939.00 938.00 936.00 933.00 929.00 918.00 900.00 883.00 870.00 861.00 854.00 846.00 840.00 834.00 828.00 826.00 831.00 841.00 852.00 851.00 826.00 790.00 762.00 743.00 728.00 719.00 712.00 708.00 705.00 704.00 703.00 702.00 702.00 701.00 699.00 697.00 694.00 689.00 686.00 685.00 685.00 685.00 686.00 685.00 684.00 682.00 681.00 681.00 681.00 683.00 685.00 689.00 693.00 696.00 697.00 697.00 698.00 698.00 699.00 701.00 702.00 704.00 706.00
955.00 946.00 939.00 933.00 927.00 923.00 920.00 919.00 917.00 914.00 905.00 890.00 875.00 863.00 855.00 847.00 840.00 833.00 828.00 827.00 829.00 836.00 848.00 861.00 861.00 838.00 799.00 767.00 743.00 725.00 714.00 709.00 706.00 705.00 704.00 703.00 703.00 704.00 707.00 709.00 710.00 708.00 701.00 695.00 692.00 691.00 692.00 693.00 693.00 692.00 690.00 688.00 687.00 688.00 692.00 697.00 702.00 706.00 709.00 709.00 710.00 710.00 710.00 711.00 711.00 712.00 713.00 714.00
936.00 929.00 922.00 917.00 911.00 906.00 902.00 899.00 898.00 895.00 889.00 878.00 865.00 855.00 847.00 840.00 834.00 830.00 829.00 831.00 836.00 844.00 857.00 869.00 869.00 845.00 807.00 777.00 754.00 733.00 719.00 713.00 709.00 707.00 706.00 706.00 706.00 709.00 714.00 721.00 725.00 724.00 716.00 707.00 701.00 700.00 702.00 704.00 705.00 704.00 702.00 700.00 700.00 703.00 708.00 713.00 718.00 721.00 724.00 724.00 725.00 725.00 725.00 725.00 725.00 724.00 724.00 724.00
918.00 911.00 905.00 899.00 893.00 888.00 883.00 879.00 876.00 873.00 868.00 860.00 851.00 844.00 839.00 834.00 830.00 829.00 834.00 840.00 844.00 854.00 865.00 876.00 873.00 844.00 807.00 781.00 760.00 739.00 723.00 716.00 712.00 710.00 709.00 708.00 709.00 714.00 723.00 732.00 741.00 744.00 736.00 724.00 714.00 711.00 713.00 718.00 720.00 720.00 719.00 718.00 719.00 723.00 727.00 732.00 736.00 739.00 741.00 742.00 743.00 743.00 743.00 741.00 740.00 738.00 737.00 736.00
900.00 893.00 887.00 881.00 875.00 869.00 864.00 861.00 857.00 854.00 849.00 844.00 840.00 836.00 833.00 831.00 834.00 838.00 842.00 847.00 854.00 864.00 875.00 881.00 869.00 836.00 802.00 778.00 759.00 741.00 726.00 718.00 714.00 712.00 711.00 710.00 711.00 717.00 728.00 741.00 752.00 759.00 759.00 750.00 734.00 723.00 726.00 732.00 737.00 739.00 740.00 740.00 742.00 746.00 749.00 753.00 756.00 758.00 760.00 761.00 762.00 762.00 761.00 759.00 757.00 755.00 752.00 750.00
881.00 874.00 867.00 862.00 856.00 852.00 848.00 846.00 844.00 842.00 839.00 836.00 835.00 833.00 832.00 833.00 839.00 846.00 852.00 857.00 865.00 874.00 883.00 884.00 863.00 826.00 794.00 772.00 755.00 740.00 727.00 719.00 716.00 714.00 713.00 712.00 713.00 719.00 731.00 745.00 759.00 769.00 773.00 769.00 756.00 744.00 742.00 748.00 754.00 759.00 762.00 764.00 766.00 769.00 772.00 774.00 776.00 779.00 780.00 782.00 782.00 781.00 779.00 777.00 775.00 773.00 770.00 767.00
864.00 855.00 847.00 842.00 840.00 840.00 840.00 839.00 838.00 837.00 835.00 834.00 833.00 832.00 836.00 841.00 847.00 856.00 863.00 868.00 875.00 882.00 889.00 884.00 857.00 818.00 787.00 767.00 752.00 740.00 730.00 724.00 720.00 717.00 714.00 713.00 715.00 722.00 734.00 749.00 763.00 775.00 781.00 779.00 771.00 762.00 758.00 764.00 771.00 777.00 782.00 786.00 789.00 791.00 793.00 794.00 796.00 798.00 799.00 801.00 801.00 799.00 798.00 795.00 793.00 791.00 788.00 785.00
849.00 843.00 838.00 836.00 837.00 839.00 840.00 840.00 840.00 840.00 839.00 839.00 840.00 841.00 846.00 855.00 862.00 869.00 874.00 879.00 885.00 890.00 891.00 881.00 854.00 815.00 784.00 765.00 751.00 742.00 735.00 730.00 725.00 719.00 715.00 714.00 718.00 725.00 737.00 751.00 767.00 779.00 786.00 786.00 781.00 776.00 775.00 780.00 788.00 795.00 801.00 807.00 810.00 811.00 812.00 812.00 813.00 814.00 816.00 817.00 817.00 816.00 815.00 813.00 811.00 808.00 805.00 800.00
843.00 845.00 847.00 848.00 849.00 849.00 850.00 851.00 851.00 851.00 851.00 852.00 855.00 859.00 866.00 873.00 878.00 883.00 886.00 890.00 894.00 896.00 892.00 880.00 855.00 818.00 787.00 768.00 756.00 747.00 741.00 737.00 730.00 721.00 713.00 714.00 718.00 727.00 739.00 754.00 769.00 782.00 789.00 791.00 790.00 790.00 793.00 799.00 807.00 814.00 820.00 826.00 828.00 829.00 829.00 829.00 829.00 829.00 830.00 832.00 832.00 832.00 832.00 831.00 828.00 823.00 819.00 813.00
