models/Grenoble_16_dalles/BDALTIV1_FXX_0920_6470_MNT_20120919_LAMB93_IGN69.asc
ncols        400
nrows        400
xllcorner    919987.50000000
yllcorner    6460012.50000000
cellsize     25.00000000
NODATA_value -99999.00
[rows 96 to 127 of 400, columns 71 to 141 of 400]
686.00 671.00 656.00 641.00 628.00 617.00 609.00 602.00 595.00 590.00 586.00 584.00 581.00 579.00 578.00 578.00 578.00 578.00 577.00 576.00 574.00 571.00 567.00 561.00 558.00 555.00 554.00 554.00 554.00 554.00 553.00 552.00 550.00 547.00 544.00 541.00 538.00 536.00 532.00 529.00 526.00 521.00 516.00 512.00 508.00 505.00 501.00 497.00 492.00 485.00 479.00 474.00 471.00 468.00 465.00 462.00 458.00 453.00 448.00 442.00 439.00 436.00 434.00 432.00 430.00 429.00 428.00 426.00 424.00 420.00 416.00
692.00 676.00 660.00 644.00 629.00 617.00 607.00 600.00 593.00 588.00 584.00 581.00 579.00 577.00 575.00 575.00 574.00 574.00 574.00 573.00 571.00 568.00 563.00 559.00 556.00 553.00 551.00 550.00 550.00 549.00 548.00 547.00 544.00 541.00 537.00 533.00 529.00 526.00 523.00 519.00 516.00 513.00 509.00 506.00 502.00 499.00 495.00 491.00 486.00 481.00 477.00 473.00 469.00 467.00 464.00 461.00 457.00 453.00 448.00 444.00 440.00 436.00 433.00 431.00 429.00 427.00 426.00 424.00 422.00 418.00 415.00
694.00 677.00 660.00 644.00 628.00 615.00 605.00 597.00 591.00 586.00 582.00 578.00 576.00 574.00 572.00 571.00 571.00 571.00 570.00 569.00 568.00 565.00 561.00 557.00 554.00 551.00 549.00 548.00 547.00 546.00 545.00 543.00 540.00 536.00 531.00 526.00 522.00 519.00 517.00 514.00 511.00 508.00 505.00 502.00 498.00 494.00 490.00 486.00 482.00 478.00 475.00 471.00 469.00 466.00 463.00 460.00 457.00 452.00 448.00 445.00 441.00 437.00 433.00 430.00 428.00 426.00 424.00 422.00 420.00 417.00 413.00
695.00 677.00 660.00 643.00 627.00 613.00 602.00 594.00 588.00 583.00 579.00 576.00 573.00 570.00 569.00 568.00 568.00 567.00 567.00 566.00 565.00 562.00 559.00 555.00 552.00 549.00 547.00 546.00 545.00 544.00 542.00 540.00 536.00 532.00 527.00 522.00 518.00 515.00 513.00 510.00 508.00 505.00 502.00 499.00 495.00 490.00 485.00 482.00 479.00 476.00 473.00 470.00 468.00 465.00 463.00 460.00 456.00 452.00 448.00 445.00 441.00 437.00 433.00 430.00 428.00 425.00 423.00 421.00 418.00 415.00 412.00
697.00 678.00 660.00 643.00 626.00 610.00 599.00 591.00 585.00 580.00 576.00 572.00 569.00 567.00 566.00 565.00 565.00 564.00 563.00 562.00 561.00 559.00 556.00 553.00 550.00 548.00 546.00 545.00 543.00 542.00 540.00 537.00 533.00 529.00 524.00 519.00 515.00 513.00 511.00 509.00 506.00 504.00 501.00 497.00 492.00 487.00 482.00 479.00 477.00 474.00 472.00 470.00 467.00 465.00 462.00 459.00 455.00 452.00 448.00 444.00 441.00 437.00 434.00 430.00 427.00 425.00 422.00 419.00 417.00 414.00 411.00
699.00 679.00 661.00 643.00 626.00 610.00 598.00 589.00 583.00 577.00 572.00 569.00 566.00 564.00 563.00 562.00 562.00 561.00 560.00 559.00 558.00 556.00 554.00 551.00 548.00 546.00 544.00 543.00 541.00 540.00 537.00 534.00 531.00 526.00 522.00 517.00 514.00 511.00 509.00 508.00 506.00 503.00 500.00 496.00 491.00 486.00 481.00 478.00 475.00 473.00 471.00 469.00 467.00 464.00 462.00 458.00 454.00 451.00 447.00 443.00 440.00 437.00 433.00 430.00 427.00 424.00 421.00 419.00 416.00 413.00 410.00
702.00 681.00 662.00 644.00 627.00 611.00 599.00 589.00 581.00 574.00 569.00 565.00 564.00 562.00 560.00 559.00 558.00 558.00 557.00 556.00 555.00 553.00 551.00 549.00 547.00 544.00 542.00 541.00 539.00 537.00 535.00 531.00 528.00 524.00 520.00 516.00 513.00 510.00 508.00 507.00 505.00 502.00 499.00 494.00 489.00 485.00 481.00 478.00 475.00 472.00 470.00 468.00 466.00 464.00 461.00 457.00 453.00 449.00 446.00 442.00 439.00 436.00 433.00 430.00 427.00 424.00 421.00 418.00 415.00 412.00 409.00
704.00 683.00 664.00 646.00 629.00 614.00 601.00 589.00 580.00 572.00 566.00 562.00 561.00 559.00 558.00 556.00 555.00 555.00 554.00 553.00 552.00 550.00 548.00 546.00 544.00 542.00 540.00 538.00 536.00 534.00 531.00 528.00 525.00 521.00 518.00 514.00 511.00 509.00 507.00 506.00 504.00 501.00 497.00 493.00 488.00 485.00 481.00 478.00 475.00 472.00 470.00 468.00 465.00 463.00 460.00 456.00 452.00 448.00 444.00 441.00 438.00 435.00 432.00 429.00 426.00 423.00 420.00 417.00 414.00 411.00 408.00
706.00 685.00 666.00 648.00 632.00 618.00 603.00 590.00 578.00 570.00 563.00 559.00 557.00 556.00 555.00 553.00 552.00 551.00 550.00 550.00 548.00 547.00 546.00 544.00 542.00 540.00 538.00 536.00 533.00 531.00 529.00 526.00 522.00 519.00 516.00 513.00 510.00 508.00 506.00 504.00 502.00 499.00 495.00 491.00 487.00 484.00 480.00 477.00 474.00 471.00 469.00 467.00 464.00 462.00 459.00 455.00 450.00 446.00 442.00 439.00 436.00 434.00 431.00 428.00 426.00 423.00 420.00 417.00 414.00 410.00 407.00
706.00 686.00 669.00 652.00 637.00 623.00 607.00 591.00 578.00 567.00 560.00 556.00 553.00 552.00 551.00 550.00 549.00 548.00 547.00 546.00 545.00 544.00 543.00 541.00 540.00 538.00 536.00 534.00 531.00 529.00 526.00 523.00 520.00 517.00 515.00 512.00 509.00 507.00 505.00 503.00 500.00 497.00 493.00 489.00 486.00 482.00 479.00 476.00 473.00 471.00 468.00 466.00 463.00 461.00 457.00 453.00 448.00 444.00 440.00 438.00 435.00 433.00 430.00 428.00 425.00 422.00 420.00 416.00 413.00 410.00 407.00
703.00 688.00 672.00 658.00 645.00 630.00 610.00 592.00 578.00 565.00 557.00 553.00 550.00 548.00 547.00 546.00 546.00 545.00 544.00 543.00 542.00 541.00 540.00 539.00 537.00 535.00 533.00 531.00 528.00 526.00 523.00 521.00 518.00 516.00 513.00 511.00 508.00 506.00 503.00 501.00 498.00 494.00 490.00 487.00 483.00 480.00 478.00 475.00 473.00 470.00 467.00 465.00 462.00 459.00 455.00 451.00 447.00 442.00 439.00 436.00 434.00 432.00 429.00 427.00 424.00 422.00 419.00 416.00 413.00 409.00 406.00
698.00 686.00 674.00 662.00 650.00 635.00 614.00 594.00 578.00 563.00 555.00 550.00 547.00 545.00 544.00 543.00 542.00 541.00 540.00 540.00 539.00 538.00 537.00 536.00 534.00 533.00 531.00 528.00 526.00 523.00 521.00 518.00 516.00 514.00 512.00 509.00 507.00 504.00 502.00 499.00 496.00 492.00 488.00 484.00 481.00 479.00 476.00 474.00 472.00 469.00 467.00 464.00 461.00 458.00 454.00 449.00 445.00 441.00 438.00 435.00 433.00 431.00 428.00 426.00 423.00 421.00 418.00 415.00 412.00 409.00 406.00
688.00 680.00 671.00 661.00 650.00 635.00 616.00 596.00 579.00 564.00 554.00 549.00 546.00 543.00 541.00 540.00 538.00 537.00 537.00 536.00 536.00 535.00 534.00 533.00 532.00 530.00 528.00 526.00 523.00 521.00 518.00 516.00 514.00 512.00 510.00 508.00 505.00 503.00 500.00 497.00 493.00 490.00 486.00 483.00 480.00 477.00 475.00 473.00 471.00 468.00 466.00 463.00 460.00 456.00 452.00 448.00 444.00 440.00 437.00 434.00 432.00 430.00 428.00 425.00 423.00 420.00 417.00 414.00 411.00 408.00 405.00
677.00 672.00 666.00 658.00 646.00 632.00 615.00 597.00 581.00 566.00 555.00 550.00 546.00 542.00 539.00 536.00 535.00 534.00 533.00 533.00 533.00 532.00 532.00 530.00 529.00 527.00 525.00 523.00 521.00 518.00 516.00 514.00 512.00 510.00 508.00 506.00 504.00 501.00 498.00 495.00 492.00 488.00 484.00 481.00 478.00 476.00 474.00 472.00 470.00 467.00 465.00 462.00 459.00 455.00 451.00 446.00 442.00 439.00 436.00 433.00 431.00 429.00 427.00 424.00 422.00 419.00 417.00 414.00 411.00 408.00 405.00
664.00 662.00 660.00 654.00 643.00 628.00 612.00 596.00 582.00 569.00 560.00 552.00 546.00 541.00 537.00 533.00 531.00 530.00 530.00 530.00 530.00 530.00 529.00 528.00 526.00 525.00 523.00 521.00 519.00 516.00 514.00 512.00 510.00 508.00 506.00 505.00 503.00 500.00 496.00 493.00 490.00 486.00 483.00 480.00 477.00 475.00 472.00 471.00 469.00 466.00 464.00 461.00 457.00 453.00 449.00 445.00 441.00 438.00 435.00 433.00 431.00 428.00 426.00 424.00 421.00 418.00 416.00 413.00 410.00 407.00 405.00
651.00 651.00 652.00 649.00 638.00 624.00 608.00 594.00 581.00 571.00 563.00 554.00 546.00 539.00 534.00 531.00 528.00 527.00 527.00 527.00 527.00 527.00 526.00 525.00 523.00 522.00 520.00 518.00 516.00 514.00 512.00 510.00 508.00 506.00 504.00 502.00 501.00 498.00 494.00 491.00 488.00 484.00 481.00 478.00 476.00 473.00 471.00 469.00 467.00 465.00 463.00 460.00 456.00 452.00 448.00 444.00 441.00 437.00 435.00 432.00 430.00 428.00 425.00 423.00 420.00 418.00 415.00 412.00 410.00 407.00 404.00
639.00 640.00 643.00 641.00 630.00 615.00 602.00 589.00 578.00 570.00 562.00 553.00 543.00 536.00 531.00 528.00 526.00 524.00 524.00 525.00 525.00 524.00 523.00 522.00 520.00 519.00 517.00 516.00 514.00 512.00 510.00 508.00 506.00 504.00 502.00 500.00 498.00 495.00 492.00 489.00 486.00 482.00 479.00 477.00 474.00 472.00 470.00 468.00 466.00 464.00 462.00 459.00 455.00 451.00 447.00 444.00 440.00 437.00 434.00 432.00 429.00 427.00 425.00 422.00 420.00 417.00 414.00 412.00 409.00 406.00 403.00
628.00 628.00 629.00 626.00 616.00 603.00 591.00 580.00 571.00 563.00 555.00 547.00 538.00 532.00 528.00 526.00 524.00 522.00 521.00 522.00 522.00 521.00 520.00 518.00 517.00 516.00 514.00 513.00 511.00 509.00 507.00 506.00 504.00 502.00 500.00 498.00 495.00 493.00 490.00 486.00 483.00 480.00 478.00 475.00 473.00 471.00 468.00 466.00 464.00 462.00 460.00 457.00 454.00 450.00 447.00 443.00 440.00 437.00 434.00 431.00 429.00 426.00 424.00 421.00 419.00 416.00 414.00 411.00 408.00 405.00 403.00
616.00 615.00 615.00 610.00 599.00 589.00 578.00 569.00 561.00 553.00 545.00 538.00 531.00 527.00 524.00 523.00 522.00 521.00 519.00 519.00 518.00 517.00 516.00 515.00 514.00 513.00 511.00 510.00 508.00 507.00 505.00 503.00 501.00 499.00 497.00 495.00 492.00 490.00 487.00 484.00 481.00 479.00 476.00 474.00 471.00 469.00 467.00 465.00 463.00 461.00 458.00 456.00 452.00 449.00 446.00 443.00 439.00 436.00 433.00 431.00 428.00 426.00 423.00 421.00 418.00 416.00 413.00 410.00 408.00 405.00 402.00
605.00 603.00 601.00 594.00 584.00 574.00 566.00 558.00 551.00 543.00 535.00 528.00 524.00 522.00 520.00 520.00 519.00 518.00 517.00 516.00 515.00 514.00 513.00 512.00 511.00 510.00 508.00 507.00 505.00 504.00 502.00 501.00 499.00 497.00 495.00 492.00 490.00 487.00 484.00 482.00 479.00 477.00 474.00 472.00 470.00 467.00 465.00 463.00 461.00 459.00 456.00 454.00 451.00 448.00 445.00 442.00 439.00 436.00 433.00 430.00 428.00 425.00 423.00 420.00 417.00 415.00 412.00 410.00 407.00 404.00 401.00
598.00 592.00 586.00 578.00 570.00 562.00 555.00 549.00 542.00 534.00 526.00 520.00 518.00 517.00 517.00 517.00 516.00 515.00 514.00 512.00 511.00 510.00 510.00 509.00 508.00 507.00 505.00 504.00 502.00 501.00 500.00 498.00 496.00 494.00 492.00 490.00 487.00 484.00 482.00 479.00 477.00 475.00 473.00 470.00 468.00 466.00 463.00 461.00 459.00 457.00 454.00 452.00 449.00 446.00 444.00 441.00 438.00 435.00 432.00 430.00 427.00 424.00 422.00 419.00 417.00 414.00 412.00 409.00 406.00 403.00 401.00
593.00 583.00 574.00 565.00 558.00 552.00 546.00 541.00 535.00 528.00 520.00 515.00 513.00 513.00 513.00 513.00 513.00 513.00 511.00 509.00 508.00 507.00 507.00 506.00 505.00 504.00 502.00 501.00 500.00 498.00 497.00 495.00 494.00 492.00 490.00 487.00 485.00 482.00 480.00 477.00 475.00 473.00 471.00 469.00 466.00 464.00 462.00 459.00 457.00 455.00 452.00 450.00 447.00 445.00 442.00 440.00 437.00 434.00 432.00 429.00 426.00 424.00 421.00 419.00 416.00 414.00 411.00 408.00 406.00 403.00 400.00
587.00 575.00 564.00 555.00 549.00 544.00 540.00 535.00 529.00 521.00 515.00 510.00 509.00 509.00 510.00 510.00 510.00 510.00 508.00 506.00 505.00 505.00 505.00 504.00 503.00 501.00 499.00 498.00 497.00 496.00 494.00 493.00 491.00 489.00 487.00 485.00 482.00 480.00 477.00 475.00 473.00 471.00 469.00 467.00 465.00 462.00 460.00 457.00 455.00 453.00 450.00 448.00 445.00 443.00 440.00 438.00 436.00 433.00 431.00 428.00 426.00 423.00 420.00 418.00 415.00 413.00 410.00 408.00 405.00 402.00 399.00
580.00 568.00 557.00 549.00 543.00 538.00 535.00 530.00 523.00 515.00 509.00 506.00 506.00 506.00 507.00 507.00 508.00 507.00 506.00 504.00 502.00 503.00 503.00 502.00 500.00 498.00 497.00 495.00 494.00 493.00 491.00 490.00 488.00 486.00 484.00 482.00 480.00 478.00 475.00 473.00 471.00 469.00 467.00 465.00 463.00 461.00 458.00 456.00 453.00 451.00 448.00 446.00 443.00 441.00 439.00 437.00 434.00 432.00 430.00 427.00 425.00 422.00 420.00 417.00 415.00 412.00 410.00 407.00 404.00 401.00 398.00
573.00 561.00 551.00 543.00 537.00 533.00 530.00 525.00 518.00 510.00 504.00 502.00 503.00 504.00 504.00 504.00 505.00 504.00 504.00 501.00 500.00 501.00 501.00 499.00 497.00 495.00 494.00 493.00 491.00 490.00 489.00 487.00 486.00 484.00 482.00 480.00 478.00 476.00 473.00 471.00 469.00 467.00 465.00 463.00 461.00 459.00 456.00 454.00 451.00 449.00 446.00 444.00 441.00 439.00 437.00 435.00 433.00 431.00 429.00 426.00 424.00 421.00 419.00 416.00 414.00 412.00 409.00 406.00 404.00 401.00 397.00
565.00 554.00 544.00 537.00 532.00 528.00 525.00 519.00 513.00 506.00 501.00 499.00 500.00 501.00 501.00 501.00 502.00 501.00 500.00 499.00 498.00 498.00 498.00 496.00 495.00 493.00 491.00 490.00 489.00 487.00 486.00 485.00 483.00 481.00 479.00 477.00 475.00 473.00 471.00 469.00 467.00 465.00 463.00 461.00 459.00 457.00 454.00 452.00 450.00 447.00 445.00 442.00 440.00 438.00 435.00 433.00 431.00 429.00 427.00 425.00 423.00 420.00 418.00 416.00 413.00 411.00 408.00 406.00 403.00 400.00 397.00
553.00 544.00 536.00 530.00 526.00 523.00 520.00 515.00 510.00 504.00 499.00 497.00 497.00 498.00 498.00 498.00 499.00 498.00 497.00 496.00 495.00 495.00 494.00 493.00 491.00 490.00 489.00 488.00 486.00 485.00 483.00 482.00 481.00 479.00 477.00 475.00 473.00 471.00 469.00 467.00 465.00 463.00 461.00 459.00 457.00 455.00 452.00 450.00 448.00 445.00 443.00 440.00 438.00 436.00 434.00 432.00 430.00 428.00 426.00 424.00 422.00 419.00 417.00 414.00 412.00 410.00 407.00 405.00 402.00 399.00 396.00
540.00 533.00 526.00 521.00 520.00 518.00 515.00 511.00 507.00 501.00 497.00 495.00 494.00 494.00 495.00 495.00 495.00 495.00 494.00 493.00 491.00 490.00 490.00 489.00 489.00 488.00 486.00 485.00 484.00 482.00 481.00 479.00 478.00 476.00 475.00 473.00 471.00 469.00 467.00 465.00 463.00 461.00 459.00 457.00 455.00 453.00 450.00 448.00 446.00 443.00 441.00 439.00 437.00 434.00 432.00 430.00 428.00 426.00 424.00 422.00 420.00 418.00 416.00 413.00 411.00 409.00 406.00 404.00 401.00 398.00 395.00
529.00 522.00 517.00 514.00 513.00 513.00 511.00 508.00 504.00 498.00 494.00 492.00 491.00 491.00 492.00 492.00 492.00 492.00 491.00 489.00 488.00 486.00 486.00 486.00 486.00 485.00 484.00 483.00 481.00 480.00 479.00 477.00 476.00 474.00 472.00 471.00 469.00 467.00 465.00 463.00 461.00 459.00 457.00 455.00 453.00 450.00 448.00 446.00 444.00 442.00 439.00 437.00 435.00 433.00 431.00 429.00 426.00 424.00 422.00 420.00 418.00 416.00 414.00 412.00 410.00 407.00 405.00 403.00 400.00 397.00 393.00
520.00 514.00 510.00 508.00 507.00 508.00 506.00 503.00 499.00 493.00 490.00 489.00 488.00 488.00 488.00 489.00 489.00 489.00 488.00 487.00 485.00 483.00 482.00 483.00 484.00 483.00 482.00 480.00 479.00 477.00 476.00 475.00 473.00 472.00 470.00 469.00 467.00 465.00 463.00 461.00 459.00 457.00 455.00 452.00 450.00 448.00 446.00 444.00 442.00 440.00 438.00 436.00 433.00 431.00 429.00 427.00 425.00 423.00 421.00 419.00 417.00 415.00 413.00 411.00 408.00 406.00 404.00 401.00 399.00 396.00 392.00
517.00 509.00 503.00 501.00 501.00 501.00 500.00 497.00 493.00 487.00 484.00 484.00 484.00 485.00 485.00 486.00 486.00 486.00 485.00 485.00 483.00 481.00 480.00 482.00 481.00 480.00 479.00 478.00 476.00 475.00 474.00 472.00 471.00 469.00 468.00 466.00 465.00 463.00 461.00 459.00 457.00 455.00 452.00 450.00 448.00 446.00 444.00 442.00 440.00 438.00 436.00 434.00 432.00 430.00 428.00 426.00 423.00 421.00 419.00 417.00 415.00 413.00 411.00 409.00 407.00 405.00 402.00 400.00 397.00 394.00 391.00
515.00 506.00 498.00 494.00 493.00 494.00 493.00 490.00 486.00 482.00 479.00 479.00 480.00 481.00 482.00 483.00 483.00 483.00 483.00 482.00 481.00 480.00 479.00 479.00 479.00 478.00 477.00 475.00 474.00 473.00 472.00 470.00 469.00 467.00 466.00 464.00 462.00 461.00 459.00 457.00 455.00 452.00 450.00 448.00 446.00 444.00 442.00 440.00 438.00 436.00 434.00 432.00 430.00 428.00 426.00 424.00 422.00 420.00 418.00 415.00 413.00 411.00 409.00 407.00 405.00 403.00 401.00 398.00 395.00 392.00 389.00
