models/Grenoble_16_dalles/BDALTIV1_FXX_0900_6470_MNT_20120919_LAMB93_IGN69.asc
ncols        400
nrows        400
xllcorner    899987.50000000
yllcorner    6460012.50000000
cellsize     25.00000000
NODATA_value -99999.00
[rows 160 to 191 of 400, columns 71 to 141 of 400]
681.00 675.00 671.00 667.00 664.00 660.00 657.00 654.00 652.00 650.00 649.00 646.00 643.00 640.00 636.00 632.00 628.00 625.00 622.00 618.00 614.00 610.00 606.00 601.00 597.00 594.00 592.00 589.00 585.00 581.00 578.00 573.00 569.00 565.00 562.00 558.00 554.00 550.00 545.00 544.00 547.00 549.00 550.00 548.00 545.00 542.00 540.00 541.00 541.00 541.00 541.00 542.00 545.00 548.00 551.00 555.00 560.00 564.00 563.00 561.00 566.00 575.00 580.00 580.00 577.00 581.00 593.00 605.00 619.00 634.00 649.00
678.00 672.00 668.00 664.00 660.00 657.00 654.00 651.00 649.00 648.00 646.00 644.00 641.00 637.00 632.00 627.00 623.00 620.00 617.00 613.00 609.00 606.00 602.00 598.00 594.00 590.00 587.00 584.00 581.00 577.00 574.00 569.00 565.00 562.00 559.00 555.00 552.00 550.00 550.00 552.00 554.00 556.00 555.00 553.00 550.00 548.00 548.00 550.00 550.00 551.00 551.00 553.00 555.00 558.00 561.00 565.00 569.00 572.00 572.00 568.00 572.00 582.00 588.00 591.00 590.00 593.00 601.00 614.00 628.00 643.00 658.00
675.00 669.00 665.00 661.00 657.00 654.00 650.00 648.00 647.00 645.00 644.00 641.00 638.00 634.00 629.00 624.00 620.00 617.00 614.00 611.00 609.00 606.00 603.00 599.00 594.00 589.00 584.00 581.00 578.00 574.00 570.00 565.00 562.00 560.00 558.00 557.00 556.00 557.00 558.00 559.00 561.00 561.00 560.00 559.00 557.00 557.00 557.00 558.00 559.00 560.00 560.00 562.00 564.00 568.00 572.00 575.00 578.00 580.00 581.00 576.00 578.00 587.00 596.00 601.00 604.00 605.00 610.00 621.00 636.00 652.00 668.00
673.00 668.00 663.00 659.00 655.00 651.00 648.00 646.00 644.00 643.00 641.00 638.00 635.00 631.00 627.00 623.00 620.00 618.00 615.00 614.00 611.00 608.00 605.00 601.00 594.00 588.00 582.00 578.00 575.00 572.00 569.00 566.00 565.00 566.00 566.00 566.00 565.00 565.00 565.00 566.00 566.00 566.00 566.00 567.00 567.00 567.00 568.00 569.00 570.00 570.00 571.00 571.00 573.00 579.00 584.00 587.00 589.00 590.00 590.00 586.00 584.00 593.00 604.00 610.00 614.00 616.00 619.00 629.00 644.00 660.00 677.00
673.00 668.00 663.00 658.00 654.00 651.00 647.00 645.00 643.00 641.00 639.00 637.00 634.00 631.00 628.00 625.00 622.00 620.00 619.00 617.00 615.00 612.00 608.00 602.00 595.00 587.00 581.00 577.00 574.00 573.00 574.00 575.00 577.00 578.00 578.00 578.00 576.00 576.00 576.00 576.00 575.00 576.00 577.00 577.00 578.00 579.00 580.00 580.00 581.00 582.00 583.00 583.00 586.00 591.00 595.00 598.00 600.00 601.00 601.00 598.00 593.00 598.00 610.00 618.00 623.00 627.00 630.00 638.00 652.00 668.00 684.00
675.00 669.00 665.00 660.00 656.00 653.00 650.00 647.00 644.00 642.00 640.00 638.00 636.00 634.00 631.00 628.00 625.00 624.00 623.00 621.00 618.00 615.00 610.00 603.00 594.00 587.00 582.00 579.00 578.00 580.00 583.00 586.00 588.00 589.00 588.00 587.00 587.00 586.00 586.00 586.00 587.00 587.00 588.00 589.00 589.00 589.00 590.00 591.00 593.00 595.00 597.00 598.00 601.00 604.00 607.00 609.00 611.00 613.00 613.00 611.00 604.00 605.00 615.00 625.00 632.00 639.00 642.00 648.00 660.00 675.00 690.00
679.00 673.00 668.00 664.00 660.00 656.00 653.00 651.00 648.00 646.00 644.00 642.00 640.00 638.00 634.00 630.00 629.00 628.00 627.00 625.00 621.00 617.00 611.00 603.00 593.00 587.00 584.00 583.00 584.00 587.00 591.00 594.00 596.00 596.00 595.00 595.00 595.00 595.00 595.00 595.00 596.00 597.00 599.00 600.00 601.00 602.00 603.00 605.00 608.00 611.00 613.00 615.00 617.00 620.00 622.00 623.00 625.00 626.00 625.00 623.00 618.00 613.00 620.00 632.00 641.00 649.00 652.00 657.00 667.00 681.00 695.00
684.00 678.00 673.00 669.00 665.00 663.00 659.00 655.00 652.00 650.00 647.00 646.00 644.00 642.00 638.00 634.00 632.00 632.00 631.00 629.00 625.00 620.00 612.00 602.00 592.00 589.00 589.00 590.00 592.00 596.00 600.00 603.00 604.00 604.00 603.00 603.00 604.00 604.00 605.00 605.00 607.00 608.00 610.00 612.00 615.00 618.00 621.00 623.00 626.00 629.00 631.00 633.00 635.00 637.00 639.00 641.00 642.00 642.00 641.00 638.00 633.00 625.00 627.00 637.00 647.00 657.00 663.00 667.00 675.00 688.00 701.00
690.00 684.00 679.00 675.00 672.00 670.00 666.00 661.00 657.00 654.00 652.00 650.00 648.00 646.00 642.00 638.00 636.00 635.00 635.00 633.00 629.00 621.00 611.00 599.00 592.00 593.00 597.00 599.00 602.00 606.00 610.00 611.00 612.00 612.00 612.00 612.00 613.00 613.00 613.00 615.00 618.00 621.00 625.00 629.00 632.00 635.00 638.00 641.00 643.00 645.00 647.00 649.00 651.00 654.00 656.00 658.00 659.00 658.00 657.00 655.00 650.00 643.00 637.00 641.00 651.00 663.00 672.00 678.00 685.00 696.00 707.00
697.00 692.00 686.00 681.00 677.00 675.00 672.00 667.00 663.00 660.00 657.00 654.00 652.00 650.00 646.00 642.00 640.00 640.00 639.00 636.00 631.00 622.00 609.00 599.00 597.00 601.00 606.00 609.00 612.00 615.00 618.00 619.00 620.00 620.00 621.00 622.00 622.00 623.00 625.00 629.00 633.00 637.00 642.00 647.00 650.00 653.00 655.00 657.00 659.00 661.00 664.00 666.00 668.00 671.00 673.00 675.00 675.00 675.00 674.00 672.00 668.00 662.00 653.00 648.00 654.00 667.00 679.00 687.00 696.00 705.00 715.00
701.00 700.00 695.00 689.00 683.00 679.00 677.00 673.00 669.00 666.00 663.00 659.00 656.00 653.00 649.00 645.00 644.00 644.00 644.00 640.00 632.00 621.00 608.00 602.00 605.00 610.00 614.00 617.00 620.00 623.00 625.00 627.00 628.00 630.00 631.00 633.00 635.00 637.00 639.00 644.00 649.00 654.00 658.00 662.00 665.00 668.00 670.00 673.00 676.00 678.00 681.00 683.00 686.00 689.00 691.00 692.00 693.00 693.00 692.00 690.00 687.00 682.00 674.00 663.00 659.00 670.00 683.00 694.00 705.00 714.00 725.00
701.00 701.00 701.00 697.00 692.00 686.00 683.00 680.00 677.00 673.00 669.00 665.00 660.00 654.00 650.00 648.00 647.00 648.00 649.00 644.00 633.00 621.00 609.00 607.00 612.00 616.00 620.00 624.00 627.00 630.00 633.00 635.00 637.00 639.00 641.00 644.00 646.00 648.00 652.00 657.00 662.00 667.00 671.00 676.00 680.00 683.00 686.00 689.00 692.00 695.00 698.00 701.00 704.00 707.00 710.00 711.00 713.00 713.00 713.00 712.00 709.00 704.00 696.00 685.00 673.00 675.00 686.00 701.00 712.00 721.00 733.00
700.00 701.00 701.00 701.00 699.00 696.00 692.00 689.00 685.00 680.00 675.00 671.00 664.00 656.00 652.00 651.00 651.00 653.00 653.00 646.00 634.00 621.00 613.00 615.00 619.00 622.00 626.00 631.00 635.00 639.00 641.00 643.00 646.00 648.00 651.00 654.00 656.00 660.00 664.00 669.00 675.00 680.00 685.00 690.00 694.00 698.00 701.00 704.00 708.00 711.00 714.00 718.00 722.00 726.00 729.00 732.00 734.00 736.00 736.00 736.00 733.00 726.00 717.00 706.00 693.00 684.00 691.00 705.00 717.00 728.00 741.00
700.00 700.00 700.00 701.00 701.00 702.00 701.00 699.00 694.00 687.00 681.00 674.00 666.00 659.00 656.00 656.00 657.00 657.00 655.00 649.00 636.00 623.00 618.00 620.00 625.00 628.00 633.00 638.00 643.00 647.00 651.00 653.00 656.00 658.00 661.00 664.00 668.00 672.00 676.00 682.00 688.00 695.00 701.00 707.00 711.00 715.00 718.00 721.00 725.00 728.00 731.00 735.00 739.00 743.00 748.00 754.00 759.00 762.00 762.00 760.00 756.00 747.00 735.00 724.00 711.00 699.00 698.00 710.00 723.00 736.00 748.00
700.00 700.00 700.00 700.00 701.00 702.00 704.00 703.00 699.00 693.00 686.00 677.00 667.00 660.00 660.00 661.00 662.00 663.00 659.00 651.00 638.00 625.00 622.00 625.00 629.00 633.00 639.00 646.00 651.00 656.00 659.00 661.00 664.00 667.00 670.00 674.00 679.00 684.00 689.00 695.00 704.00 712.00 719.00 725.00 729.00 733.00 736.00 739.00 743.00 745.00 749.00 753.00 757.00 763.00 771.00 781.00 789.00 792.00 790.00 784.00 776.00 766.00 753.00 740.00 726.00 714.00 709.00 717.00 730.00 742.00 754.00
701.00 700.00 700.00 700.00 700.00 702.00 703.00 701.00 698.00 693.00 686.00 677.00 668.00 664.00 665.00 667.00 668.00 669.00 665.00 655.00 642.00 630.00 627.00 630.00 634.00 639.00 646.00 653.00 659.00 662.00 664.00 667.00 671.00 675.00 680.00 684.00 690.00 696.00 702.00 710.00 720.00 729.00 735.00 740.00 745.00 748.00 751.00 756.00 760.00 764.00 768.00 773.00 778.00 785.00 799.00 813.00 819.00 818.00 812.00 804.00 794.00 781.00 769.00 755.00 740.00 725.00 719.00 725.00 736.00 749.00 761.00
702.00 702.00 701.00 701.00 702.00 702.00 700.00 695.00 689.00 684.00 679.00 674.00 670.00 670.00 672.00 674.00 675.00 675.00 671.00 661.00 647.00 633.00 630.00 633.00 639.00 646.00 653.00 659.00 664.00 667.00 669.00 673.00 678.00 684.00 689.00 695.00 701.00 708.00 716.00 725.00 733.00 741.00 748.00 754.00 760.00 765.00 769.00 774.00 779.00 784.00 790.00 796.00 803.00 814.00 831.00 844.00 845.00 838.00 826.00 816.00 804.00 791.00 779.00 766.00 750.00 734.00 728.00 734.00 744.00 756.00 770.00
704.00 704.00 703.00 703.00 704.00 702.00 697.00 690.00 685.00 685.00 682.00 678.00 676.00 677.00 679.00 681.00 682.00 680.00 676.00 667.00 655.00 640.00 634.00 636.00 642.00 650.00 657.00 663.00 668.00 671.00 674.00 680.00 687.00 694.00 699.00 705.00 713.00 720.00 728.00 736.00 744.00 753.00 763.00 771.00 778.00 784.00 789.00 794.00 800.00 808.00 817.00 828.00 839.00 850.00 861.00 865.00 862.00 851.00 835.00 821.00 808.00 795.00 783.00 772.00 758.00 742.00 737.00 745.00 754.00 765.00 779.00
706.00 705.00 705.00 705.00 704.00 701.00 694.00 693.00 695.00 697.00 694.00 689.00 682.00 682.00 685.00 688.00 688.00 686.00 681.00 673.00 663.00 651.00 641.00 638.00 640.00 649.00 658.00 665.00 671.00 675.00 679.00 686.00 694.00 702.00 707.00 715.00 722.00 730.00 737.00 745.00 755.00 768.00 779.00 788.00 796.00 803.00 810.00 820.00 834.00 848.00 860.00 870.00 877.00 880.00 880.00 876.00 868.00 853.00 837.00 823.00 809.00 796.00 785.00 775.00 763.00 748.00 747.00 759.00 768.00 776.00 787.00
707.00 707.00 707.00 706.00 704.00 700.00 696.00 699.00 702.00 704.00 702.00 699.00 691.00 687.00 688.00 692.00 694.00 691.00 686.00 679.00 671.00 661.00 651.00 642.00 640.00 646.00 655.00 665.00 673.00 679.00 683.00 690.00 699.00 707.00 715.00 723.00 731.00 738.00 746.00 756.00 769.00 782.00 795.00 806.00 816.00 827.00 840.00 860.00 877.00 891.00 898.00 900.00 898.00 892.00 885.00 877.00 865.00 850.00 837.00 823.00 810.00 797.00 787.00 778.00 768.00 756.00 758.00 769.00 779.00 788.00 798.00
709.00 709.00 708.00 706.00 703.00 699.00 700.00 702.00 705.00 706.00 706.00 704.00 699.00 693.00 692.00 697.00 701.00 698.00 692.00 685.00 679.00 670.00 660.00 649.00 643.00 645.00 653.00 664.00 674.00 682.00 689.00 695.00 701.00 711.00 722.00 731.00 739.00 746.00 757.00 769.00 781.00 794.00 809.00 827.00 843.00 859.00 877.00 895.00 907.00 909.00 907.00 903.00 898.00 891.00 883.00 874.00 863.00 849.00 837.00 825.00 812.00 800.00 789.00 780.00 773.00 763.00 766.00 777.00 787.00 798.00 808.00
711.00 711.00 710.00 708.00 704.00 702.00 703.00 704.00 706.00 707.00 708.00 707.00 704.00 700.00 698.00 702.00 707.00 706.00 699.00 693.00 686.00 678.00 668.00 657.00 649.00 647.00 653.00 666.00 677.00 686.00 695.00 702.00 708.00 718.00 729.00 738.00 745.00 753.00 767.00 779.00 791.00 804.00 824.00 847.00 868.00 890.00 907.00 915.00 915.00 911.00 905.00 899.00 894.00 888.00 880.00 871.00 863.00 851.00 839.00 829.00 818.00 806.00 795.00 785.00 778.00 772.00 774.00 783.00 794.00 805.00 815.00
714.00 714.00 713.00 710.00 707.00 706.00 706.00 707.00 708.00 709.00 709.00 709.00 708.00 705.00 704.00 707.00 711.00 711.00 707.00 700.00 694.00 686.00 676.00 666.00 655.00 651.00 655.00 668.00 679.00 691.00 703.00 712.00 718.00 727.00 736.00 743.00 750.00 760.00 774.00 786.00 799.00 815.00 838.00 862.00 884.00 907.00 920.00 921.00 915.00 908.00 901.00 895.00 890.00 885.00 877.00 869.00 862.00 853.00 842.00 834.00 825.00 815.00 805.00 793.00 785.00 782.00 782.00 788.00 799.00 810.00 820.00
718.00 716.00 714.00 711.00 710.00 709.00 709.00 709.00 710.00 710.00 710.00 710.00 710.00 710.00 709.00 709.00 712.00 714.00 713.00 708.00 702.00 694.00 684.00 673.00 661.00 656.00 660.00 671.00 683.00 698.00 712.00 721.00 729.00 737.00 744.00 749.00 756.00 766.00 779.00 793.00 808.00 825.00 849.00 873.00 894.00 913.00 920.00 917.00 911.00 904.00 897.00 891.00 887.00 883.00 876.00 868.00 860.00 852.00 844.00 839.00 832.00 824.00 815.00 804.00 793.00 787.00 787.00 792.00 802.00 812.00 823.00
723.00 720.00 716.00 712.00 711.00 711.00 711.00 711.00 711.00 711.00 712.00 712.00 712.00 712.00 712.00 712.00 714.00 716.00 717.00 716.00 710.00 701.00 690.00 678.00 666.00 662.00 665.00 675.00 688.00 705.00 719.00 730.00 738.00 745.00 751.00 757.00 765.00 775.00 788.00 803.00 819.00 837.00 859.00 879.00 897.00 910.00 914.00 911.00 906.00 900.00 894.00 888.00 885.00 881.00 875.00 868.00 860.00 853.00 848.00 844.00 839.00 834.00 825.00 814.00 801.00 794.00 794.00 798.00 806.00 814.00 825.00
727.00 724.00 720.00 716.00 714.00 713.00 712.00 712.00 712.00 713.00 713.00 713.00 713.00 714.00 715.00 716.00 717.00 719.00 721.00 721.00 717.00 707.00 696.00 683.00 671.00 667.00 671.00 681.00 694.00 711.00 726.00 736.00 745.00 753.00 762.00 770.00 778.00 788.00 800.00 814.00 832.00 850.00 866.00 882.00 895.00 904.00 908.00 905.00 901.00 896.00 891.00 886.00 883.00 879.00 875.00 869.00 862.00 855.00 851.00 848.00 845.00 842.00 834.00 820.00 808.00 801.00 802.00 805.00 810.00 817.00 827.00
728.00 726.00 724.00 720.00 718.00 717.00 715.00 714.00 714.00 714.00 715.00 715.00 715.00 717.00 719.00 721.00 722.00 723.00 725.00 726.00 724.00 714.00 701.00 687.00 674.00 672.00 678.00 688.00 702.00 719.00 732.00 742.00 752.00 763.00 774.00 783.00 791.00 801.00 812.00 828.00 846.00 860.00 871.00 883.00 894.00 901.00 903.00 901.00 897.00 893.00 889.00 885.00 882.00 879.00 875.00 870.00 863.00 858.00 855.00 852.00 849.00 846.00 840.00 825.00 811.00 806.00 807.00 812.00 816.00 821.00 830.00
731.00 728.00 727.00 725.00 722.00 721.00 719.00 718.00 717.00 717.00 717.00 717.00 719.00 721.00 726.00 727.00 727.00 727.00 728.00 729.00 729.00 720.00 706.00 692.00 679.00 678.00 686.00 697.00 712.00 727.00 738.00 749.00 760.00 773.00 784.00 793.00 803.00 812.00 825.00 843.00 856.00 866.00 876.00 887.00 895.00 900.00 901.00 899.00 896.00 892.00 889.00 885.00 883.00 880.00 877.00 872.00 866.00 862.00 859.00 856.00 852.00 848.00 842.00 829.00 813.00 810.00 813.00 819.00 825.00 829.00 834.00
735.00 731.00 729.00 729.00 727.00 725.00 724.00 723.00 722.00 721.00 721.00 722.00 725.00 730.00 735.00 734.00 731.00 730.00 731.00 733.00 732.00 724.00 710.00 696.00 684.00 685.00 693.00 707.00 722.00 733.00 743.00 755.00 768.00 781.00 792.00 803.00 814.00 826.00 843.00 856.00 865.00 874.00 883.00 892.00 898.00 901.00 900.00 899.00 896.00 893.00 889.00 887.00 885.00 883.00 880.00 875.00 870.00 866.00 864.00 860.00 855.00 850.00 845.00 833.00 815.00 813.00 821.00 829.00 834.00 838.00 840.00
739.00 735.00 733.00 733.00 732.00 731.00 730.00 729.00 729.00 728.00 727.00 729.00 732.00 738.00 743.00 740.00 735.00 733.00 734.00 735.00 734.00 728.00 714.00 700.00 690.00 691.00 699.00 712.00 726.00 737.00 748.00 761.00 775.00 788.00 800.00 812.00 825.00 842.00 858.00 867.00 875.00 881.00 887.00 894.00 900.00 903.00 902.00 900.00 897.00 894.00 890.00 888.00 887.00 885.00 884.00 879.00 875.00 873.00 871.00 867.00 861.00 855.00 850.00 839.00 821.00 817.00 826.00 837.00 841.00 844.00 845.00
742.00 739.00 737.00 738.00 738.00 737.00 735.00 735.00 735.00 735.00 735.00 737.00 740.00 744.00 749.00 747.00 741.00 738.00 737.00 737.00 736.00 731.00 717.00 703.00 695.00 697.00 703.00 714.00 728.00 739.00 752.00 766.00 781.00 795.00 808.00 821.00 837.00 853.00 867.00 876.00 881.00 883.00 887.00 894.00 901.00 904.00 904.00 902.00 899.00 896.00 892.00 891.00 889.00 888.00 887.00 885.00 881.00 880.00 879.00 875.00 867.00 860.00 855.00 846.00 830.00 821.00 828.00 838.00 843.00 846.00 847.00
745.00 742.00 740.00 741.00 743.00 742.00 741.00 742.00 743.00 744.00 745.00 745.00 747.00 750.00 754.00 752.00 747.00 744.00 742.00 741.00 738.00 733.00 720.00 706.00 698.00 701.00 708.00 720.00 732.00 742.00 755.00 770.00 786.00 801.00 814.00 830.00 847.00 860.00 873.00 880.00 881.00 881.00 885.00 892.00 901.00 905.00 905.00 903.00 901.00 899.00 896.00 894.00 893.00 893.00 892.00 890.00 887.00 884.00 882.00 877.00 871.00 863.00 858.00 852.00 840.00 826.00 826.00 835.00 841.00 844.00 846.00
