models/Grenoble_16_dalles/BDALTIV1_FXX_0900_6470_MNT_20120919_LAMB93_IGN69.asc
ncols        400
nrows        400
xllcorner    899987.50000000
yllcorner    6460012.50000000
cellsize     25.00000000
NODATA_value -99999.00
[rows 192 to 223 of 400, columns 213 to 283 of 400]
365.00 349.00 332.00 317.00 298.00 279.00 258.00 240.00 217.00 197.00 192.00 192.00 193.00 194.00 195.00 195.00 195.00 195.00 195.00 195.00 195.00 195.00 195.00 195.00 195.00 195.00 195.00 195.00 196.00 196.00 197.00 197.00 197.00 196.00 196.00 196.00 196.00 196.00 196.00 196.00 196.00 196.00 196.00 196.00 196.00 196.00 196.00 196.00 196.00 196.00 196.00 196.00 196.00 196.00 196.00 196.00 196.00 196.00 196.00 196.00 196.00 196.00 196.00 196.00 196.00 196.00 197.00 198.00 199.00 199.00 199.00
375.00 357.00 342.00 326.00 306.00 288.00 269.00 250.00 229.00 205.00 195.00 194.00 193.00 193.00 194.00 195.00 195.00 195.00 195.00 195.00 195.00 195.00 195.00 195.00 195.00 195.00 195.00 195.00 195.00 196.00 196.00 197.00 197.00 196.00 196.00 196.00 196.00 196.00 196.00 196.00 196.00 196.00 196.00 196.00 196.00 196.00 196.00 196.00 196.00 196.00 196.00 196.00 196.00 196.00 196.00 196.00 196.00 196.00 196.00 196.00 196.00 196.00 196.00 195.00 195.00 195.00 196.00 197.00 198.00 198.00 199.00
382.00 365.00 348.00 333.00 315.00 299.00 284.00 264.00 241.00 221.00 204.00 197.00 194.00 193.00 193.00 194.00 194.00 195.00 195.00 195.00 195.00 195.00 195.00 195.00 195.00 195.00 194.00 194.00 195.00 195.00 196.00 197.00 197.00 197.00 196.00 196.00 196.00 196.00 196.00 196.00 196.00 196.00 196.00 196.00 196.00 196.00 196.00 196.00 196.00 196.00 196.00 196.00 196.00 196.00 195.00 195.00 196.00 196.00 197.00 197.00 197.00 197.00 197.00 196.00 195.00 195.00 195.00 196.00 197.00 198.00 198.00
387.00 370.00 353.00 340.00 326.00 313.00 300.00 280.00 255.00 239.00 222.00 207.00 197.00 193.00 192.00 193.00 193.00 194.00 195.00 195.00 195.00 195.00 195.00 195.00 195.00 195.00 194.00 194.00 194.00 195.00 196.00 197.00 197.00 197.00 196.00 196.00 196.00 196.00 196.00 196.00 196.00 196.00 196.00 196.00 196.00 196.00 196.00 196.00 196.00 196.00 196.00 195.00 195.00 195.00 195.00 195.00 195.00 196.00 197.00 197.00 198.00 198.00 199.00 199.00 198.00 196.00 196.00 197.00 198.00 198.00 198.00
393.00 377.00 360.00 347.00 336.00 323.00 312.00 295.00 271.00 255.00 239.00 224.00 206.00 195.00 193.00 192.00 193.00 193.00 194.00 194.00 194.00 194.00 195.00 195.00 195.00 195.00 194.00 194.00 194.00 194.00 195.00 197.00 197.00 197.00 197.00 196.00 196.00 196.00 196.00 196.00 196.00 196.00 196.00 196.00 196.00 196.00 196.00 196.00 196.00 195.00 195.00 195.00 195.00 195.00 195.00 194.00 194.00 195.00 196.00 197.00 198.00 199.00 200.00 200.00 201.00 200.00 199.00 199.00 198.00 198.00 199.00
399.00 387.00 368.00 352.00 343.00 330.00 319.00 306.00 285.00 270.00 254.00 240.00 222.00 202.00 194.00 193.00 192.00 193.00 193.00 194.00 194.00 194.00 195.00 195.00 195.00 195.00 195.00 194.00 194.00 194.00 195.00 196.00 197.00 197.00 197.00 196.00 196.00 196.00 196.00 196.00 196.00 196.00 196.00 196.00 196.00 196.00 196.00 195.00 195.00 195.00 195.00 195.00 195.00 195.00 195.00 194.00 194.00 195.00 196.00 197.00 198.00 199.00 200.00 200.00 200.00 201.00 201.00 200.00 200.00 199.00 199.00
403.00 391.00 371.00 356.00 346.00 336.00 325.00 313.00 296.00 283.00 267.00 252.00 235.00 214.00 199.00 194.00 192.00 192.00 193.00 193.00 194.00 195.00 195.00 195.00 195.00 195.00 195.00 195.00 194.00 194.00 194.00 195.00 196.00 197.00 197.00 197.00 196.00 196.00 196.00 196.00 196.00 196.00 196.00 196.00 196.00 195.00 195.00 195.00 195.00 195.00 195.00 195.00 195.00 195.00 194.00 194.00 194.00 194.00 195.00 197.00 198.00 198.00 199.00 200.00 200.00 200.00 200.00 201.00 201.00 200.00 200.00
407.00 391.00 375.00 361.00 349.00 339.00 328.00 318.00 305.00 291.00 276.00 263.00 247.00 227.00 207.00 195.00 192.00 191.00 192.00 193.00 194.00 195.00 195.00 195.00 195.00 195.00 195.00 195.00 195.00 194.00 194.00 195.00 196.00 196.00 197.00 197.00 196.00 196.00 196.00 196.00 196.00 196.00 196.00 196.00 196.00 195.00 195.00 195.00 195.00 195.00 195.00 195.00 195.00 195.00 195.00 194.00 194.00 194.00 195.00 196.00 197.00 198.00 198.00 199.00 199.00 200.00 200.00 200.00 200.00 201.00 201.00
413.00 397.00 384.00 369.00 354.00 342.00 331.00 321.00 310.00 296.00 281.00 270.00 257.00 239.00 218.00 199.00 192.00 191.00 191.00 193.00 194.00 195.00 195.00 195.00 195.00 195.00 195.00 195.00 195.00 194.00 194.00 194.00 195.00 196.00 197.00 197.00 197.00 196.00 196.00 196.00 196.00 196.00 196.00 196.00 195.00 195.00 195.00 195.00 195.00 195.00 195.00 195.00 195.00 195.00 195.00 194.00 194.00 194.00 195.00 196.00 197.00 197.00 198.00 198.00 199.00 199.00 199.00 200.00 200.00 200.00 200.00
425.00 407.00 396.00 378.00 361.00 346.00 334.00 323.00 312.00 299.00 284.00 273.00 262.00 247.00 230.00 207.00 194.00 191.00 191.00 193.00 194.00 195.00 195.00 195.00 195.00 195.00 195.00 195.00 195.00 195.00 194.00 194.00 195.00 196.00 197.00 197.00 197.00 196.00 196.00 196.00 196.00 196.00 196.00 196.00 195.00 195.00 195.00 195.00 195.00 195.00 195.00 195.00 195.00 195.00 195.00 195.00 194.00 194.00 194.00 195.00 196.00 197.00 198.00 198.00 198.00 198.00 199.00 199.00 199.00 200.00 200.00
440.00 419.00 409.00 389.00 370.00 352.00 338.00 326.00 314.00 300.00 286.00 276.00 265.00 251.00 238.00 220.00 200.00 194.00 192.00 193.00 193.00 194.00 195.00 195.00 195.00 195.00 195.00 195.00 195.00 195.00 194.00 194.00 195.00 195.00 196.00 197.00 197.00 197.00 196.00 196.00 196.00 196.00 196.00 196.00 195.00 195.00 195.00 195.00 195.00 195.00 195.00 195.00 195.00 195.00 195.00 195.00 194.00 194.00 194.00 194.00 195.00 196.00 197.00 198.00 198.00 198.00 198.00 198.00 199.00 199.00 200.00
453.00 432.00 418.00 398.00 377.00 357.00 341.00 328.00 316.00 302.00 288.00 278.00 268.00 255.00 243.00 230.00 211.00 198.00 194.00 192.00 192.00 193.00 194.00 195.00 195.00 195.00 195.00 195.00 195.00 195.00 195.00 194.00 194.00 195.00 195.00 196.00 197.00 197.00 196.00 196.00 196.00 196.00 196.00 195.00 195.00 195.00 195.00 195.00 195.00 195.00 195.00 195.00 195.00 195.00 195.00 195.00 195.00 194.00 194.00 194.00 194.00 195.00 196.00 197.00 197.00 197.00 197.00 197.00 198.00 199.00 199.00
460.00 440.00 426.00 404.00 381.00 362.00 345.00 331.00 319.00 305.00 292.00 281.00 271.00 259.00 246.00 236.00 222.00 208.00 196.00 191.00 191.00 191.00 193.00 195.00 195.00 195.00 195.00 195.00 195.00 195.00 195.00 195.00 194.00 194.00 195.00 195.00 196.00 196.00 196.00 196.00 196.00 196.00 196.00 195.00 195.00 195.00 195.00 195.00 195.00 195.00 195.00 195.00 195.00 195.00 195.00 195.00 195.00 195.00 194.00 194.00 194.00 195.00 195.00 196.00 197.00 197.00 197.00 197.00 197.00 198.00 199.00
465.00 445.00 431.00 411.00 389.00 369.00 349.00 335.00 322.00 309.00 297.00 286.00 275.00 264.00 252.00 241.00 230.00 217.00 202.00 192.00 191.00 191.00 193.00 194.00 195.00 195.00 195.00 195.00 195.00 195.00 195.00 195.00 195.00 194.00 194.00 195.00 195.00 196.00 196.00 196.00 196.00 196.00 195.00 195.00 195.00 195.00 195.00 195.00 195.00 195.00 195.00 195.00 195.00 195.00 195.00 195.00 195.00 195.00 195.00 194.00 194.00 194.00 194.00 195.00 196.00 196.00 196.00 197.00 197.00 198.00 198.00
468.00 448.00 433.00 416.00 396.00 378.00 357.00 341.00 327.00 315.00 302.00 291.00 281.00 270.00 258.00 246.00 235.00 223.00 210.00 197.00 193.00 192.00 193.00 193.00 194.00 195.00 195.00 195.00 195.00 195.00 195.00 195.00 195.00 195.00 194.00 195.00 195.00 195.00 196.00 196.00 195.00 195.00 195.00 195.00 195.00 195.00 195.00 195.00 195.00 195.00 195.00 195.00 195.00 195.00 195.00 195.00 195.00 195.00 195.00 195.00 194.00 194.00 194.00 194.00 195.00 195.00 196.00 197.00 197.00 198.00 198.00
468.00 447.00 433.00 418.00 400.00 385.00 366.00 346.00 334.00 321.00 308.00 297.00 287.00 277.00 265.00 253.00 240.00 228.00 217.00 205.00 197.00 193.00 193.00 193.00 194.00 195.00 195.00 195.00 195.00 195.00 195.00 195.00 195.00 195.00 195.00 195.00 195.00 195.00 195.00 195.00 195.00 195.00 195.00 195.00 195.00 195.00 195.00 195.00 195.00 195.00 195.00 195.00 195.00 195.00 195.00 195.00 195.00 195.00 195.00 195.00 195.00 194.00 194.00 194.00 194.00 195.00 196.00 196.00 197.00 197.00 198.00
466.00 445.00 432.00 418.00 402.00 389.00 372.00 354.00 340.00 329.00 316.00 304.00 294.00 285.00 274.00 261.00 246.00 233.00 222.00 213.00 205.00 197.00 195.00 194.00 194.00 195.00 195.00 195.00 195.00 195.00 195.00 195.00 195.00 195.00 195.00 195.00 195.00 195.00 195.00 195.00 195.00 195.00 195.00 195.00 195.00 195.00 195.00 195.00 195.00 195.00 195.00 195.00 195.00 195.00 195.00 195.00 195.00 195.00 195.00 195.00 195.00 195.00 194.00 194.00 194.00 195.00 195.00 196.00 196.00 197.00 197.00
462.00 443.00 430.00 417.00 402.00 391.00 376.00 361.00 346.00 335.00 324.00 313.00 304.00 294.00 282.00 269.00 254.00 240.00 228.00 218.00 213.00 208.00 204.00 201.00 197.00 196.00 196.00 195.00 195.00 195.00 194.00 194.00 194.00 195.00 195.00 195.00 195.00 195.00 195.00 195.00 195.00 195.00 195.00 195.00 195.00 195.00 195.00 195.00 195.00 195.00 195.00 195.00 195.00 195.00 195.00 195.00 195.00 195.00 195.00 195.00 195.00 195.00 195.00 194.00 194.00 194.00 195.00 195.00 196.00 196.00 197.00
458.00 441.00 428.00 416.00 402.00 392.00 378.00 363.00 351.00 340.00 331.00 323.00 314.00 301.00 288.00 275.00 262.00 248.00 236.00 225.00 218.00 216.00 214.00 211.00 207.00 205.00 203.00 200.00 197.00 195.00 195.00 194.00 194.00 194.00 194.00 195.00 195.00 195.00 195.00 195.00 195.00 195.00 195.00 195.00 195.00 195.00 195.00 195.00 195.00 195.00 195.00 195.00 195.00 195.00 195.00 195.00 195.00 195.00 195.00 195.00 195.00 195.00 195.00 195.00 195.00 195.00 195.00 195.00 196.00 196.00 196.00
457.00 440.00 427.00 415.00 402.00 392.00 378.00 365.00 354.00 344.00 335.00 327.00 318.00 306.00 292.00 279.00 268.00 256.00 246.00 238.00 226.00 219.00 218.00 217.00 216.00 215.00 213.00 209.00 205.00 199.00 197.00 195.00 195.00 194.00 194.00 194.00 195.00 195.00 195.00 195.00 195.00 195.00 195.00 195.00 195.00 195.00 195.00 195.00 195.00 195.00 195.00 195.00 195.00 195.00 195.00 195.00 195.00 195.00 195.00 195.00 195.00 195.00 195.00 195.00 195.00 195.00 195.00 195.00 195.00 196.00 196.00
457.00 442.00 429.00 415.00 402.00 391.00 379.00 366.00 355.00 345.00 336.00 327.00 317.00 305.00 293.00 281.00 271.00 260.00 254.00 249.00 237.00 224.00 220.00 219.00 219.00 218.00 217.00 215.00 212.00 207.00 203.00 199.00 197.00 195.00 194.00 194.00 194.00 194.00 194.00 194.00 195.00 195.00 195.00 195.00 195.00 195.00 195.00 195.00 195.00 195.00 195.00 195.00 195.00 195.00 195.00 195.00 195.00 195.00 195.00 195.00 195.00 195.00 195.00 195.00 195.00 195.00 195.00 195.00 195.00 195.00 195.00
464.00 445.00 433.00 418.00 403.00 391.00 380.00 367.00 355.00 344.00 334.00 323.00 311.00 301.00 291.00 282.00 272.00 261.00 257.00 254.00 244.00 230.00 223.00 221.00 221.00 220.00 219.00 217.00 215.00 211.00 208.00 205.00 201.00 198.00 195.00 194.00 194.00 193.00 193.00 194.00 194.00 195.00 195.00 195.00 195.00 195.00 195.00 195.00 195.00 195.00 195.00 195.00 195.00 195.00 195.00 195.00 195.00 195.00 195.00 195.00 195.00 195.00 195.00 195.00 195.00 195.00 195.00 195.00 195.00 195.00 195.00
473.00 451.00 437.00 421.00 404.00 391.00 380.00 369.00 356.00 343.00 332.00 317.00 304.00 296.00 289.00 282.00 274.00 263.00 258.00 256.00 248.00 234.00 225.00 222.00 221.00 221.00 221.00 219.00 217.00 214.00 211.00 209.00 207.00 204.00 199.00 196.00 194.00 193.00 193.00 193.00 194.00 195.00 195.00 195.00 195.00 195.00 195.00 195.00 195.00 195.00 195.00 195.00 195.00 195.00 195.00 195.00 195.00 195.00 195.00 195.00 195.00 195.00 195.00 195.00 195.00 195.00 195.00 196.00 196.00 196.00 196.00
472.00 451.00 438.00 422.00 404.00 390.00 380.00 369.00 355.00 343.00 330.00 313.00 299.00 292.00 286.00 281.00 275.00 267.00 262.00 260.00 253.00 238.00 228.00 224.00 222.00 222.00 222.00 221.00 219.00 216.00 214.00 212.00 210.00 209.00 206.00 202.00 198.00 194.00 193.00 193.00 194.00 194.00 195.00 195.00 195.00 195.00 195.00 195.00 195.00 195.00 195.00 195.00 195.00 195.00 195.00 195.00 195.00 195.00 195.00 195.00 195.00 195.00 195.00 195.00 195.00 195.00 195.00 196.00 196.00 196.00 196.00
463.00 448.00 436.00 422.00 405.00 391.00 380.00 368.00 354.00 341.00 328.00 310.00 296.00 288.00 284.00 279.00 275.00 271.00 268.00 266.00 259.00 245.00 232.00 226.00 224.00 224.00 224.00 223.00 221.00 218.00 216.00 215.00 213.00 212.00 210.00 207.00 203.00 198.00 195.00 194.00 194.00 195.00 195.00 195.00 195.00 195.00 195.00 195.00 195.00 195.00 195.00 195.00 195.00 195.00 195.00 195.00 195.00 195.00 195.00 195.00 195.00 195.00 195.00 195.00 195.00 195.00 195.00 196.00 196.00 196.00 196.00
454.00 443.00 433.00 420.00 405.00 392.00 379.00 366.00 351.00 338.00 325.00 307.00 293.00 285.00 280.00 275.00 272.00 271.00 269.00 266.00 259.00 247.00 236.00 230.00 227.00 226.00 226.00 224.00 223.00 220.00 218.00 216.00 215.00 213.00 211.00 209.00 206.00 203.00 199.00 197.00 196.00 195.00 194.00 195.00 195.00 195.00 195.00 195.00 195.00 195.00 195.00 195.00 195.00 195.00 195.00 195.00 195.00 195.00 195.00 195.00 195.00 195.00 195.00 195.00 195.00 195.00 196.00 196.00 196.00 196.00 196.00
449.00 439.00 429.00 417.00 402.00 391.00 378.00 363.00 348.00 335.00 322.00 304.00 290.00 282.00 276.00 270.00 267.00 266.00 264.00 261.00 256.00 247.00 239.00 233.00 231.00 229.00 228.00 226.00 224.00 222.00 220.00 218.00 215.00 213.00 211.00 209.00 208.00 206.00 203.00 201.00 197.00 195.00 194.00 194.00 195.00 195.00 195.00 195.00 195.00 195.00 195.00 195.00 195.00 195.00 195.00 195.00 195.00 195.00 195.00 195.00 195.00 195.00 195.00 195.00 194.00 195.00 196.00 196.00 196.00 196.00 196.00
446.00 436.00 427.00 414.00 399.00 389.00 375.00 359.00 345.00 333.00 321.00 301.00 289.00 279.00 272.00 266.00 263.00 261.00 259.00 256.00 251.00 246.00 241.00 236.00 234.00 232.00 230.00 228.00 226.00 224.00 221.00 219.00 216.00 213.00 211.00 210.00 210.00 208.00 205.00 201.00 196.00 194.00 194.00 194.00 195.00 195.00 195.00 195.00 195.00 195.00 195.00 195.00 195.00 195.00 195.00 195.00 195.00 195.00 195.00 195.00 195.00 195.00 195.00 195.00 195.00 195.00 195.00 196.00 196.00 196.00 196.00
445.00 435.00 425.00 413.00 398.00 387.00 372.00 356.00 341.00 331.00 319.00 300.00 288.00 278.00 270.00 264.00 260.00 258.00 255.00 252.00 249.00 245.00 242.00 238.00 236.00 234.00 232.00 229.00 227.00 224.00 222.00 220.00 217.00 215.00 213.00 212.00 212.00 210.00 207.00 202.00 196.00 194.00 193.00 194.00 195.00 195.00 195.00 195.00 195.00 195.00 195.00 195.00 195.00 195.00 195.00 195.00 195.00 195.00 195.00 195.00 195.00 195.00 195.00 195.00 195.00 195.00 195.00 196.00 196.00 196.00 196.00
445.00 434.00 423.00 410.00 396.00 385.00 370.00 353.00 339.00 329.00 318.00 300.00 289.00 279.00 270.00 264.00 260.00 257.00 254.00 251.00 248.00 245.00 242.00 240.00 237.00 235.00 233.00 230.00 228.00 225.00 222.00 220.00 219.00 219.00 217.00 215.00 214.00 212.00 209.00 205.00 200.00 195.00 193.00 194.00 194.00 195.00 195.00 195.00 195.00 195.00 195.00 195.00 195.00 195.00 195.00 195.00 195.00 195.00 195.00 195.00 195.00 195.00 195.00 195.00 195.00 195.00 195.00 196.00 196.00 196.00 196.00
443.00 431.00 418.00 404.00 392.00 380.00 366.00 351.00 339.00 329.00 317.00 301.00 291.00 281.00 272.00 265.00 259.00 256.00 253.00 250.00 248.00 245.00 243.00 240.00 238.00 236.00 234.00 231.00 229.00 226.00 224.00 222.00 222.00 221.00 219.00 217.00 215.00 213.00 210.00 207.00 203.00 198.00 194.00 193.00 194.00 195.00 195.00 195.00 195.00 195.00 195.00 195.00 195.00 195.00 195.00 195.00 195.00 195.00 195.00 195.00 195.00 195.00 195.00 195.00 195.00 195.00 195.00 196.00 196.00 196.00 196.00
439.00 425.00 410.00 396.00 382.00 367.00 354.00 344.00 336.00 329.00 318.00 304.00 293.00 284.00 275.00 267.00 261.00 257.00 253.00 250.00 247.00 245.00 243.00 240.00 238.00 236.00 234.00 232.00 230.00 228.00 226.00 224.00 223.00 222.00 220.00 218.00 216.00 213.00 211.00 208.00 205.00 201.00 196.00 193.00 193.00 194.00 195.00 195.00 195.00 195.00 195.00 195.00 195.00 195.00 195.00 195.00 195.00 195.00 195.00 195.00 195.00 195.00 195.00 195.00 195.00 195.00 195.00 196.00 196.00 196.00 196.00
