models/Grenoble_16_dalles/BDALTIV1_FXX_0910_6450_MNT_20120919_LAMB93_IGN69.asc
ncols        400
nrows        400
xllcorner    909987.50000000
yllcorner    6440012.50000000
cellsize     25.00000000
NODATA_value -99999.00
[rows 352 to 383 of 400, columns 0 to 70 of 400]
380.00 379.00 379.00 380.00 380.00 381.00 381.00 379.00 379.00 380.00 381.00 383.00 386.00 392.00 399.00 409.00 419.00 429.00 438.00 447.00 457.00 467.00 476.00 482.00 486.00 488.00 488.00 491.00 504.00 524.00 541.00 557.00 573.00 589.00 605.00 620.00 635.00 650.00 666.00 681.00 696.00 710.00 721.00 732.00 744.00 754.00 760.00 766.00 772.00 778.00 785.00 793.00 801.00 803.00 798.00 783.00 762.00 740.00 714.00 687.00 665.00 646.00 629.00 608.00 582.00 558.00 539.00 520.00 499.00 479.00 460.00
380.00 380.00 380.00 381.00 382.00 383.00 383.00 382.00 381.00 381.00 383.00 386.00 391.00 399.00 409.00 419.00 430.00 440.00 450.00 459.00 470.00 481.00 490.00 496.00 501.00 504.00 503.00 500.00 504.00 520.00 538.00 555.00 572.00 589.00 605.00 620.00 636.00 652.00 669.00 686.00 701.00 716.00 728.00 740.00 752.00 761.00 767.00 772.00 777.00 783.00 790.00 799.00 806.00 808.00 800.00 782.00 760.00 737.00 711.00 684.00 661.00 642.00 625.00 605.00 580.00 557.00 537.00 517.00 495.00 475.00 458.00
383.00 382.00 382.00 383.00 384.00 385.00 385.00 385.00 384.00 384.00 387.00 391.00 398.00 409.00 421.00 432.00 443.00 452.00 462.00 472.00 483.00 494.00 503.00 510.00 516.00 518.00 518.00 513.00 510.00 518.00 533.00 551.00 568.00 586.00 602.00 617.00 633.00 651.00 670.00 688.00 703.00 717.00 730.00 743.00 755.00 764.00 770.00 775.00 780.00 786.00 795.00 805.00 813.00 814.00 804.00 783.00 759.00 735.00 709.00 681.00 659.00 640.00 622.00 602.00 579.00 556.00 536.00 514.00 492.00 473.00 457.00
386.00 386.00 386.00 386.00 387.00 388.00 388.00 388.00 388.00 390.00 394.00 399.00 409.00 422.00 434.00 445.00 454.00 464.00 475.00 486.00 497.00 508.00 517.00 525.00 531.00 533.00 531.00 526.00 520.00 520.00 530.00 547.00 564.00 581.00 597.00 613.00 629.00 647.00 667.00 684.00 699.00 714.00 728.00 741.00 752.00 762.00 769.00 776.00 782.00 790.00 800.00 812.00 822.00 822.00 808.00 784.00 758.00 734.00 708.00 682.00 660.00 640.00 621.00 601.00 579.00 557.00 535.00 513.00 492.00 473.00 459.00
390.00 390.00 390.00 390.00 390.00 391.00 391.00 392.00 394.00 397.00 403.00 412.00 424.00 437.00 448.00 457.00 466.00 477.00 488.00 500.00 511.00 522.00 533.00 542.00 547.00 547.00 544.00 538.00 531.00 525.00 529.00 543.00 559.00 575.00 592.00 608.00 624.00 641.00 660.00 677.00 692.00 707.00 721.00 735.00 746.00 757.00 767.00 776.00 784.00 794.00 805.00 819.00 830.00 828.00 811.00 786.00 759.00 734.00 711.00 688.00 665.00 643.00 622.00 601.00 580.00 558.00 536.00 514.00 493.00 476.00 461.00
394.00 394.00 394.00 394.00 394.00 395.00 396.00 397.00 401.00 407.00 416.00 428.00 439.00 450.00 460.00 469.00 479.00 490.00 502.00 514.00 526.00 538.00 550.00 559.00 563.00 561.00 557.00 550.00 542.00 534.00 531.00 539.00 554.00 570.00 586.00 602.00 618.00 636.00 653.00 669.00 684.00 699.00 714.00 727.00 740.00 752.00 764.00 775.00 786.00 798.00 812.00 826.00 835.00 831.00 812.00 787.00 760.00 735.00 713.00 692.00 669.00 646.00 623.00 602.00 581.00 560.00 538.00 516.00 496.00 478.00 463.00
397.00 397.00 398.00 398.00 399.00 399.00 402.00 406.00 412.00 420.00 432.00 443.00 453.00 463.00 472.00 481.00 491.00 503.00 516.00 529.00 541.00 554.00 567.00 576.00 578.00 575.00 569.00 561.00 553.00 544.00 537.00 538.00 550.00 566.00 581.00 597.00 612.00 629.00 646.00 661.00 675.00 690.00 705.00 720.00 734.00 747.00 761.00 775.00 789.00 803.00 818.00 831.00 837.00 831.00 813.00 788.00 761.00 736.00 714.00 694.00 672.00 648.00 625.00 603.00 582.00 562.00 541.00 520.00 499.00 481.00 466.00
399.00 400.00 401.00 402.00 403.00 406.00 410.00 415.00 423.00 433.00 445.00 457.00 467.00 475.00 484.00 494.00 505.00 518.00 531.00 544.00 558.00 571.00 584.00 592.00 592.00 587.00 580.00 572.00 563.00 554.00 545.00 541.00 548.00 562.00 576.00 591.00 606.00 622.00 638.00 653.00 666.00 680.00 696.00 712.00 728.00 743.00 759.00 775.00 791.00 807.00 822.00 835.00 839.00 831.00 812.00 788.00 762.00 737.00 715.00 695.00 673.00 649.00 626.00 604.00 583.00 564.00 544.00 523.00 502.00 484.00 469.00
399.00 402.00 404.00 406.00 408.00 412.00 417.00 424.00 433.00 445.00 458.00 470.00 479.00 488.00 497.00 507.00 519.00 532.00 546.00 560.00 575.00 589.00 600.00 606.00 605.00 599.00 591.00 582.00 572.00 563.00 554.00 547.00 549.00 560.00 572.00 586.00 600.00 615.00 630.00 643.00 656.00 672.00 688.00 705.00 722.00 740.00 758.00 775.00 792.00 809.00 825.00 837.00 839.00 830.00 811.00 788.00 762.00 737.00 716.00 696.00 673.00 649.00 626.00 605.00 585.00 565.00 546.00 526.00 507.00 488.00 472.00
401.00 404.00 406.00 409.00 412.00 418.00 424.00 431.00 441.00 454.00 468.00 481.00 491.00 500.00 510.00 520.00 532.00 546.00 560.00 575.00 591.00 604.00 614.00 619.00 617.00 611.00 601.00 590.00 581.00 571.00 561.00 553.00 553.00 562.00 572.00 584.00 597.00 610.00 623.00 634.00 648.00 666.00 683.00 700.00 717.00 737.00 756.00 774.00 792.00 811.00 827.00 838.00 838.00 828.00 809.00 787.00 762.00 738.00 716.00 697.00 674.00 650.00 627.00 606.00 586.00 567.00 548.00 529.00 511.00 493.00 477.00
403.00 406.00 409.00 412.00 415.00 420.00 428.00 437.00 449.00 463.00 477.00 491.00 502.00 512.00 521.00 532.00 545.00 559.00 574.00 590.00 604.00 618.00 627.00 632.00 629.00 622.00 611.00 600.00 589.00 579.00 568.00 558.00 559.00 568.00 577.00 587.00 598.00 610.00 622.00 633.00 647.00 664.00 682.00 698.00 715.00 734.00 755.00 774.00 792.00 812.00 830.00 839.00 837.00 825.00 807.00 785.00 761.00 737.00 716.00 697.00 675.00 650.00 628.00 606.00 587.00 569.00 550.00 532.00 514.00 498.00 482.00
407.00 410.00 412.00 415.00 418.00 423.00 432.00 443.00 457.00 471.00 486.00 500.00 512.00 523.00 533.00 544.00 558.00 573.00 588.00 603.00 617.00 630.00 640.00 645.00 642.00 634.00 623.00 610.00 598.00 587.00 576.00 564.00 564.00 574.00 585.00 595.00 605.00 616.00 627.00 639.00 652.00 668.00 685.00 700.00 716.00 735.00 755.00 774.00 793.00 813.00 831.00 840.00 835.00 822.00 804.00 783.00 759.00 736.00 716.00 697.00 675.00 651.00 628.00 607.00 588.00 569.00 551.00 534.00 517.00 501.00 486.00
411.00 414.00 416.00 418.00 422.00 428.00 437.00 449.00 464.00 479.00 495.00 509.00 522.00 533.00 544.00 557.00 571.00 586.00 601.00 615.00 629.00 643.00 654.00 660.00 657.00 646.00 634.00 620.00 607.00 595.00 584.00 572.00 571.00 582.00 593.00 603.00 614.00 624.00 636.00 648.00 661.00 675.00 691.00 707.00 723.00 740.00 759.00 777.00 796.00 815.00 832.00 840.00 834.00 820.00 801.00 781.00 758.00 735.00 715.00 695.00 674.00 651.00 629.00 608.00 588.00 569.00 551.00 534.00 518.00 502.00 487.00
416.00 418.00 420.00 422.00 426.00 433.00 443.00 457.00 472.00 488.00 504.00 518.00 531.00 543.00 555.00 569.00 584.00 599.00 613.00 626.00 641.00 655.00 668.00 674.00 670.00 657.00 644.00 631.00 618.00 605.00 593.00 580.00 579.00 590.00 602.00 612.00 623.00 635.00 647.00 659.00 671.00 685.00 701.00 717.00 733.00 749.00 767.00 785.00 803.00 820.00 834.00 839.00 833.00 818.00 800.00 779.00 756.00 734.00 713.00 694.00 673.00 651.00 630.00 609.00 589.00 569.00 550.00 533.00 516.00 500.00 485.00
420.00 422.00 423.00 426.00 432.00 440.00 451.00 465.00 481.00 496.00 512.00 527.00 541.00 554.00 567.00 583.00 598.00 611.00 624.00 637.00 652.00 667.00 680.00 686.00 680.00 667.00 654.00 641.00 628.00 615.00 603.00 590.00 588.00 598.00 610.00 622.00 634.00 646.00 659.00 671.00 684.00 697.00 713.00 731.00 747.00 761.00 777.00 794.00 811.00 826.00 837.00 839.00 832.00 817.00 798.00 778.00 755.00 733.00 712.00 693.00 673.00 652.00 631.00 610.00 589.00 568.00 549.00 530.00 513.00 498.00 483.00
424.00 425.00 426.00 430.00 436.00 446.00 459.00 474.00 489.00 504.00 520.00 535.00 550.00 564.00 579.00 595.00 609.00 622.00 634.00 648.00 662.00 678.00 692.00 696.00 689.00 676.00 663.00 650.00 638.00 625.00 613.00 600.00 596.00 605.00 618.00 632.00 644.00 656.00 669.00 682.00 696.00 710.00 728.00 745.00 760.00 773.00 788.00 803.00 819.00 832.00 839.00 840.00 832.00 816.00 797.00 776.00 754.00 732.00 712.00 692.00 672.00 652.00 631.00 610.00 588.00 567.00 546.00 527.00 511.00 495.00 481.00
426.00 427.00 429.00 434.00 442.00 454.00 468.00 482.00 497.00 512.00 527.00 542.00 557.00 573.00 588.00 604.00 618.00 630.00 643.00 657.00 673.00 689.00 703.00 707.00 699.00 686.00 672.00 659.00 647.00 635.00 623.00 612.00 606.00 612.00 626.00 640.00 652.00 664.00 678.00 692.00 707.00 723.00 742.00 759.00 773.00 784.00 797.00 812.00 826.00 837.00 842.00 842.00 833.00 816.00 796.00 775.00 753.00 731.00 711.00 691.00 672.00 653.00 632.00 609.00 586.00 565.00 544.00 525.00 508.00 493.00 478.00
424.00 426.00 431.00 439.00 449.00 462.00 476.00 490.00 505.00 519.00 534.00 549.00 564.00 580.00 596.00 611.00 625.00 638.00 652.00 667.00 683.00 700.00 713.00 716.00 710.00 696.00 681.00 668.00 656.00 644.00 633.00 623.00 616.00 619.00 630.00 643.00 656.00 670.00 684.00 699.00 715.00 733.00 752.00 769.00 783.00 795.00 807.00 820.00 833.00 842.00 846.00 844.00 834.00 816.00 794.00 774.00 752.00 730.00 710.00 690.00 671.00 652.00 630.00 607.00 584.00 562.00 541.00 522.00 506.00 491.00 476.00
422.00 426.00 435.00 445.00 457.00 470.00 484.00 498.00 512.00 526.00 541.00 556.00 571.00 587.00 602.00 617.00 631.00 645.00 659.00 676.00 693.00 709.00 719.00 721.00 717.00 707.00 691.00 677.00 665.00 654.00 644.00 635.00 628.00 626.00 632.00 643.00 656.00 672.00 688.00 704.00 721.00 739.00 758.00 777.00 792.00 804.00 815.00 827.00 838.00 846.00 848.00 846.00 834.00 815.00 793.00 772.00 751.00 730.00 709.00 689.00 670.00 650.00 627.00 604.00 580.00 558.00 538.00 520.00 504.00 489.00 473.00
423.00 430.00 441.00 453.00 465.00 478.00 492.00 505.00 519.00 533.00 548.00 563.00 578.00 594.00 608.00 622.00 636.00 650.00 666.00 683.00 701.00 715.00 723.00 724.00 721.00 715.00 702.00 687.00 674.00 663.00 655.00 647.00 640.00 635.00 635.00 642.00 655.00 672.00 689.00 706.00 723.00 742.00 762.00 782.00 798.00 811.00 822.00 833.00 842.00 847.00 849.00 846.00 834.00 814.00 792.00 771.00 750.00 729.00 708.00 688.00 669.00 648.00 625.00 601.00 577.00 554.00 535.00 517.00 502.00 486.00 470.00
427.00 437.00 448.00 460.00 473.00 486.00 499.00 512.00 526.00 540.00 554.00 569.00 585.00 600.00 614.00 628.00 641.00 655.00 671.00 688.00 706.00 719.00 725.00 726.00 724.00 720.00 710.00 697.00 685.00 674.00 665.00 658.00 651.00 645.00 641.00 645.00 656.00 672.00 689.00 706.00 723.00 742.00 762.00 784.00 802.00 816.00 826.00 836.00 843.00 847.00 847.00 843.00 831.00 813.00 791.00 770.00 749.00 728.00 707.00 687.00 667.00 646.00 623.00 598.00 574.00 552.00 533.00 516.00 500.00 484.00 467.00
434.00 445.00 456.00 468.00 480.00 493.00 506.00 519.00 533.00 546.00 561.00 575.00 591.00 605.00 619.00 633.00 646.00 659.00 674.00 692.00 708.00 720.00 726.00 727.00 726.00 722.00 715.00 705.00 695.00 684.00 676.00 668.00 662.00 657.00 653.00 654.00 662.00 674.00 689.00 705.00 723.00 741.00 761.00 784.00 803.00 818.00 829.00 838.00 843.00 845.00 845.00 840.00 829.00 811.00 790.00 770.00 749.00 728.00 707.00 687.00 667.00 645.00 622.00 598.00 574.00 552.00 533.00 515.00 498.00 482.00 464.00
441.00 452.00 463.00 475.00 487.00 499.00 512.00 526.00 539.00 553.00 567.00 581.00 596.00 610.00 624.00 637.00 650.00 662.00 676.00 693.00 709.00 721.00 726.00 727.00 726.00 723.00 718.00 711.00 703.00 696.00 688.00 681.00 675.00 669.00 667.00 667.00 672.00 680.00 693.00 708.00 725.00 742.00 761.00 782.00 802.00 818.00 831.00 839.00 842.00 843.00 843.00 839.00 827.00 809.00 789.00 769.00 748.00 727.00 707.00 687.00 666.00 644.00 622.00 599.00 576.00 554.00 534.00 515.00 497.00 480.00 462.00
448.00 459.00 470.00 481.00 492.00 504.00 517.00 531.00 545.00 559.00 572.00 585.00 599.00 613.00 627.00 640.00 652.00 664.00 677.00 693.00 709.00 720.00 725.00 726.00 724.00 721.00 718.00 714.00 711.00 707.00 702.00 695.00 688.00 683.00 680.00 680.00 681.00 688.00 700.00 715.00 731.00 747.00 765.00 783.00 802.00 818.00 831.00 839.00 841.00 841.00 842.00 838.00 825.00 807.00 788.00 768.00 748.00 727.00 708.00 688.00 666.00 643.00 621.00 599.00 577.00 555.00 534.00 514.00 496.00 478.00 461.00
455.00 466.00 477.00 487.00 497.00 508.00 521.00 536.00 551.00 564.00 576.00 588.00 601.00 614.00 627.00 639.00 651.00 663.00 675.00 691.00 707.00 718.00 723.00 723.00 722.00 719.00 717.00 717.00 718.00 718.00 715.00 710.00 703.00 697.00 694.00 693.00 692.00 698.00 709.00 724.00 740.00 757.00 773.00 789.00 805.00 820.00 830.00 837.00 839.00 840.00 841.00 837.00 824.00 805.00 786.00 766.00 746.00 726.00 707.00 687.00 665.00 642.00 621.00 600.00 577.00 555.00 534.00 514.00 495.00 477.00 460.00
462.00 472.00 482.00 491.00 501.00 511.00 524.00 539.00 554.00 567.00 578.00 590.00 602.00 613.00 625.00 636.00 648.00 659.00 672.00 687.00 702.00 713.00 718.00 719.00 718.00 717.00 717.00 721.00 726.00 729.00 729.00 724.00 717.00 711.00 708.00 706.00 705.00 708.00 719.00 734.00 751.00 768.00 783.00 799.00 813.00 825.00 832.00 835.00 836.00 838.00 840.00 835.00 822.00 804.00 783.00 763.00 742.00 723.00 704.00 685.00 663.00 641.00 621.00 599.00 577.00 554.00 533.00 513.00 494.00 476.00 460.00
467.00 477.00 486.00 495.00 504.00 514.00 526.00 540.00 553.00 566.00 577.00 588.00 598.00 609.00 620.00 631.00 643.00 654.00 667.00 681.00 695.00 705.00 710.00 713.00 714.00 716.00 719.00 726.00 734.00 740.00 742.00 738.00 732.00 726.00 723.00 721.00 718.00 718.00 728.00 745.00 762.00 778.00 794.00 809.00 822.00 834.00 837.00 837.00 837.00 839.00 840.00 834.00 820.00 802.00 780.00 759.00 737.00 718.00 700.00 681.00 660.00 639.00 619.00 598.00 576.00 554.00 533.00 513.00 493.00 475.00 459.00
473.00 482.00 491.00 498.00 507.00 516.00 527.00 539.00 551.00 562.00 572.00 583.00 593.00 604.00 614.00 624.00 636.00 647.00 660.00 674.00 686.00 695.00 702.00 706.00 710.00 715.00 722.00 732.00 742.00 750.00 754.00 753.00 747.00 742.00 739.00 739.00 736.00 733.00 740.00 755.00 772.00 789.00 804.00 818.00 831.00 842.00 843.00 842.00 843.00 844.00 842.00 833.00 817.00 798.00 777.00 755.00 734.00 715.00 697.00 677.00 656.00 636.00 617.00 596.00 574.00 553.00 533.00 512.00 492.00 474.00 457.00
479.00 487.00 495.00 503.00 510.00 519.00 529.00 540.00 549.00 557.00 567.00 578.00 588.00 596.00 606.00 617.00 628.00 640.00 652.00 665.00 677.00 686.00 694.00 701.00 708.00 716.00 726.00 737.00 750.00 761.00 767.00 767.00 763.00 759.00 757.00 757.00 756.00 753.00 755.00 767.00 783.00 799.00 814.00 827.00 840.00 849.00 852.00 851.00 851.00 850.00 843.00 829.00 812.00 793.00 772.00 751.00 731.00 712.00 693.00 673.00 652.00 633.00 614.00 593.00 572.00 551.00 532.00 512.00 491.00 473.00 456.00
484.00 493.00 501.00 508.00 516.00 524.00 534.00 544.00 550.00 555.00 564.00 575.00 585.00 592.00 600.00 611.00 622.00 633.00 646.00 659.00 670.00 680.00 690.00 699.00 707.00 717.00 729.00 743.00 757.00 770.00 778.00 781.00 779.00 776.00 774.00 773.00 772.00 770.00 771.00 779.00 794.00 810.00 823.00 836.00 848.00 856.00 861.00 861.00 858.00 852.00 840.00 825.00 807.00 788.00 767.00 745.00 726.00 708.00 690.00 670.00 648.00 630.00 612.00 591.00 570.00 550.00 531.00 511.00 490.00 471.00 454.00
488.00 497.00 506.00 515.00 523.00 532.00 541.00 549.00 556.00 560.00 567.00 577.00 587.00 594.00 601.00 610.00 620.00 631.00 643.00 657.00 669.00 679.00 689.00 699.00 709.00 720.00 733.00 747.00 763.00 778.00 789.00 795.00 795.00 793.00 791.00 790.00 788.00 785.00 786.00 793.00 806.00 820.00 833.00 845.00 856.00 864.00 870.00 869.00 862.00 850.00 836.00 819.00 802.00 782.00 761.00 740.00 721.00 704.00 687.00 666.00 646.00 627.00 610.00 589.00 567.00 548.00 529.00 509.00 489.00 470.00 451.00
493.00 502.00 511.00 521.00 530.00 539.00 548.00 556.00 562.00 567.00 574.00 582.00 592.00 599.00 605.00 613.00 622.00 633.00 646.00 661.00 673.00 683.00 691.00 701.00 711.00 723.00 736.00 751.00 768.00 785.00 798.00 806.00 809.00 810.00 809.00 807.00 805.00 800.00 800.00 808.00 820.00 831.00 843.00 854.00 864.00 871.00 876.00 873.00 862.00 847.00 830.00 813.00 795.00 777.00 756.00 735.00 716.00 699.00 682.00 663.00 643.00 625.00 607.00 586.00 565.00 546.00 527.00 507.00 488.00 469.00 450.00
