models/Grenoble_16_dalles/BDALTIV1_FXX_0920_6470_MNT_20120919_LAMB93_IGN69.asc
ncols        400
nrows        400
xllcorner    919987.50000000
yllcorner    6460012.50000000
cellsize     25.00000000
NODATA_value -99999.00
[rows 0 to 31 of 400, columns 142 to 212 of 400]
977.00 989.00 1002.00 1013.00 1019.00 1023.00 1024.00 1023.00 1023.00 1022.00 1022.00 1021.00 1021.00 1020.00 1019.00 1019.00 1018.00 1018.00 1018.00 1017.00 1016.00 1016.00 1014.00 1013.00 1011.00 1009.00 1008.00 1007.00 1005.00 1003.00 1000.00 998.00 996.00 994.00 991.00 988.00 984.00 980.00 976.00 973.00 970.00 967.00 964.00 959.00 950.00 942.00 933.00 923.00 910.00 891.00 863.00 814.00 764.00 739.00 720.00 702.00 686.00 671.00 656.00 641.00 643.00 660.00 677.00 691.00 705.00 717.00 729.00 738.00 744.00 745.00 728.00
970.00 983.00 996.00 1007.00 1015.00 1018.00 1019.00 1019.00 1018.00 1018.00 1017.00 1017.00 1016.00 1016.00 1015.00 1014.00 1013.00 1013.00 1013.00 1013.00 1012.00 1011.00 1010.00 1008.00 1007.00 1005.00 1004.00 1003.00 1001.00 1000.00 997.00 995.00 993.00 991.00 989.00 986.00 983.00 979.00 975.00 972.00 970.00 967.00 963.00 957.00 949.00 939.00 928.00 918.00 903.00 884.00 852.00 795.00 755.00 734.00 715.00 698.00 681.00 665.00 650.00 635.00 628.00 646.00 663.00 679.00 691.00 703.00 713.00 721.00 724.00 715.00 686.00
964.00 976.00 990.00 1002.00 1010.00 1013.00 1014.00 1014.00 1013.00 1013.00 1013.00 1012.00 1012.00 1011.00 1011.00 1010.00 1009.00 1008.00 1008.00 1008.00 1008.00 1007.00 1005.00 1004.00 1003.00 1001.00 1000.00 999.00 998.00 997.00 995.00 993.00 991.00 989.00 986.00 984.00 981.00 977.00 974.00 972.00 969.00 967.00 962.00 956.00 946.00 935.00 924.00 911.00 895.00 871.00 831.00 780.00 749.00 730.00 712.00 694.00 677.00 661.00 645.00 629.00 613.00 629.00 650.00 666.00 678.00 689.00 699.00 705.00 703.00 678.00 646.00
958.00 969.00 983.00 995.00 1004.00 1006.00 1008.00 1008.00 1008.00 1008.00 1008.00 1007.00 1007.00 1007.00 1007.00 1005.00 1004.00 1004.00 1004.00 1004.00 1004.00 1003.00 1001.00 1000.00 999.00 998.00 997.00 996.00 995.00 994.00 992.00 990.00 988.00 986.00 984.00 981.00 978.00 976.00 973.00 971.00 969.00 966.00 962.00 954.00 945.00 934.00 921.00 907.00 887.00 855.00 809.00 768.00 744.00 727.00 709.00 691.00 674.00 657.00 638.00 617.00 595.00 608.00 634.00 651.00 664.00 673.00 679.00 682.00 677.00 647.00 616.00
953.00 963.00 976.00 988.00 996.00 997.00 1002.00 1002.00 1003.00 1003.00 1003.00 1002.00 1002.00 1002.00 1002.00 1001.00 1000.00 1000.00 1000.00 1000.00 1000.00 999.00 998.00 997.00 996.00 995.00 994.00 993.00 992.00 991.00 990.00 988.00 986.00 984.00 981.00 979.00 976.00 974.00 972.00 971.00 969.00 966.00 962.00 954.00 945.00 934.00 921.00 904.00 882.00 841.00 794.00 761.00 740.00 724.00 705.00 687.00 670.00 653.00 628.00 594.00 562.00 569.00 605.00 629.00 644.00 647.00 645.00 644.00 640.00 621.00 595.00
949.00 958.00 970.00 982.00 989.00 991.00 996.00 997.00 998.00 998.00 998.00 998.00 997.00 997.00 997.00 997.00 996.00 996.00 996.00 997.00 997.00 996.00 995.00 994.00 993.00 992.00 992.00 991.00 990.00 989.00 987.00 985.00 983.00 981.00 979.00 977.00 975.00 973.00 972.00 971.00 970.00 967.00 963.00 956.00 947.00 935.00 921.00 904.00 880.00 831.00 785.00 756.00 738.00 721.00 702.00 683.00 666.00 647.00 614.00 565.00 528.00 526.00 555.00 589.00 604.00 599.00 592.00 592.00 597.00 593.00 576.00
945.00 955.00 968.00 979.00 985.00 988.00 990.00 992.00 993.00 993.00 993.00 993.00 992.00 992.00 992.00 992.00 993.00 993.00 994.00 994.00 994.00 994.00 993.00 992.00 991.00 989.00 989.00 988.00 987.00 986.00 985.00 983.00 981.00 979.00 977.00 975.00 974.00 974.00 973.00 972.00 971.00 969.00 966.00 961.00 949.00 936.00 921.00 904.00 877.00 826.00 782.00 756.00 737.00 718.00 698.00 680.00 664.00 636.00 591.00 539.00 506.00 495.00 505.00 527.00 540.00 535.00 528.00 537.00 555.00 564.00 556.00
942.00 953.00 966.00 978.00 983.00 984.00 985.00 986.00 987.00 988.00 988.00 988.00 987.00 986.00 986.00 987.00 989.00 990.00 991.00 992.00 992.00 992.00 990.00 989.00 988.00 987.00 986.00 985.00 985.00 984.00 983.00 981.00 979.00 977.00 976.00 975.00 974.00 975.00 975.00 974.00 973.00 971.00 968.00 963.00 951.00 937.00 922.00 904.00 873.00 824.00 784.00 757.00 737.00 716.00 696.00 679.00 663.00 623.00 561.00 517.00 496.00 480.00 471.00 473.00 481.00 483.00 483.00 493.00 512.00 531.00 535.00
938.00 951.00 964.00 975.00 980.00 981.00 981.00 981.00 982.00 983.00 983.00 983.00 982.00 982.00 982.00 983.00 985.00 987.00 989.00 990.00 990.00 989.00 988.00 987.00 985.00 984.00 983.00 983.00 982.00 981.00 980.00 979.00 977.00 976.00 975.00 975.00 975.00 976.00 977.00 977.00 977.00 974.00 969.00 964.00 951.00 937.00 922.00 903.00 867.00 819.00 783.00 757.00 734.00 713.00 694.00 678.00 661.00 612.00 540.00 505.00 488.00 471.00 453.00 439.00 443.00 449.00 455.00 464.00 477.00 497.00 510.00
934.00 948.00 961.00 971.00 975.00 977.00 977.00 977.00 978.00 979.00 979.00 979.00 978.00 978.00 978.00 979.00 982.00 984.00 987.00 988.00 988.00 987.00 986.00 984.00 982.00 981.00 980.00 980.00 980.00 979.00 978.00 977.00 976.00 975.00 975.00 976.00 976.00 977.00 980.00 980.00 980.00 978.00 972.00 963.00 951.00 937.00 922.00 903.00 864.00 813.00 780.00 753.00 730.00 710.00 693.00 677.00 649.00 589.00 522.00 497.00 482.00 465.00 445.00 423.00 420.00 425.00 432.00 442.00 454.00 471.00 489.00
930.00 945.00 958.00 966.00 970.00 971.00 972.00 973.00 974.00 975.00 975.00 975.00 975.00 975.00 975.00 976.00 979.00 982.00 984.00 986.00 986.00 985.00 983.00 981.00 980.00 978.00 978.00 978.00 977.00 977.00 977.00 976.00 976.00 976.00 976.00 977.00 978.00 979.00 981.00 982.00 983.00 981.00 975.00 963.00 950.00 936.00 922.00 902.00 862.00 808.00 774.00 749.00 727.00 708.00 692.00 677.00 637.00 558.00 512.00 492.00 479.00 460.00 439.00 418.00 406.00 405.00 411.00 422.00 436.00 452.00 470.00
925.00 941.00 954.00 962.00 965.00 966.00 967.00 968.00 970.00 971.00 971.00 972.00 971.00 971.00 972.00 974.00 976.00 979.00 982.00 983.00 983.00 982.00 980.00 979.00 977.00 976.00 976.00 976.00 976.00 976.00 976.00 977.00 977.00 977.00 978.00 978.00 979.00 981.00 983.00 984.00 985.00 982.00 976.00 964.00 950.00 937.00 921.00 899.00 860.00 804.00 770.00 745.00 725.00 707.00 692.00 677.00 633.00 547.00 507.00 490.00 476.00 457.00 436.00 417.00 399.00 391.00 392.00 402.00 417.00 433.00 450.00
920.00 935.00 949.00 957.00 959.00 961.00 962.00 963.00 965.00 967.00 968.00 968.00 968.00 968.00 969.00 971.00 974.00 976.00 978.00 980.00 980.00 979.00 977.00 976.00 975.00 974.00 974.00 974.00 975.00 976.00 977.00 977.00 978.00 979.00 979.00 979.00 980.00 982.00 984.00 986.00 986.00 983.00 976.00 964.00 951.00 938.00 920.00 895.00 857.00 804.00 770.00 747.00 726.00 707.00 692.00 676.00 632.00 546.00 505.00 489.00 475.00 454.00 434.00 415.00 396.00 382.00 377.00 382.00 397.00 412.00 428.00
914.00 930.00 943.00 950.00 954.00 955.00 956.00 957.00 959.00 962.00 964.00 964.00 963.00 963.00 966.00 969.00 971.00 973.00 975.00 976.00 976.00 975.00 974.00 973.00 973.00 973.00 973.00 974.00 975.00 976.00 977.00 979.00 979.00 980.00 980.00 981.00 982.00 984.00 986.00 987.00 987.00 983.00 975.00 964.00 953.00 940.00 922.00 896.00 855.00 803.00 774.00 752.00 729.00 709.00 692.00 676.00 632.00 547.00 505.00 488.00 473.00 453.00 433.00 414.00 395.00 379.00 367.00 366.00 377.00 391.00 405.00
910.00 926.00 938.00 945.00 948.00 948.00 949.00 950.00 952.00 955.00 958.00 959.00 957.00 958.00 963.00 966.00 969.00 970.00 971.00 971.00 972.00 972.00 971.00 971.00 972.00 972.00 973.00 975.00 976.00 977.00 979.00 980.00 980.00 981.00 981.00 982.00 984.00 985.00 987.00 987.00 986.00 982.00 973.00 963.00 953.00 942.00 925.00 900.00 853.00 799.00 777.00 756.00 732.00 711.00 693.00 675.00 632.00 549.00 507.00 488.00 472.00 452.00 432.00 413.00 395.00 379.00 365.00 357.00 360.00 371.00 383.00
910.00 925.00 935.00 940.00 942.00 941.00 941.00 941.00 943.00 946.00 950.00 952.00 952.00 954.00 958.00 963.00 965.00 967.00 967.00 968.00 968.00 969.00 970.00 970.00 971.00 973.00 974.00 976.00 977.00 979.00 980.00 980.00 981.00 982.00 982.00 983.00 985.00 986.00 986.00 986.00 983.00 976.00 967.00 958.00 951.00 943.00 930.00 907.00 852.00 797.00 779.00 757.00 735.00 713.00 693.00 674.00 633.00 552.00 511.00 491.00 472.00 452.00 432.00 412.00 395.00 379.00 366.00 354.00 350.00 354.00 363.00
910.00 924.00 933.00 936.00 936.00 934.00 932.00 932.00 933.00 936.00 940.00 944.00 947.00 951.00 954.00 959.00 962.00 963.00 964.00 965.00 967.00 968.00 969.00 970.00 972.00 974.00 975.00 977.00 978.00 980.00 980.00 981.00 982.00 983.00 983.00 984.00 984.00 985.00 984.00 981.00 977.00 968.00 960.00 953.00 947.00 941.00 931.00 907.00 847.00 797.00 777.00 755.00 733.00 712.00 692.00 669.00 628.00 557.00 516.00 495.00 476.00 454.00 432.00 413.00 395.00 380.00 367.00 355.00 346.00 343.00 349.00
903.00 921.00 930.00 933.00 931.00 928.00 925.00 924.00 925.00 927.00 931.00 937.00 943.00 948.00 953.00 957.00 959.00 961.00 962.00 964.00 966.00 968.00 970.00 972.00 973.00 975.00 977.00 978.00 980.00 981.00 981.00 982.00 983.00 984.00 984.00 983.00 982.00 981.00 979.00 972.00 966.00 958.00 951.00 944.00 938.00 932.00 920.00 890.00 831.00 788.00 770.00 750.00 728.00 710.00 691.00 666.00 625.00 562.00 524.00 500.00 481.00 458.00 435.00 415.00 397.00 382.00 368.00 356.00 345.00 337.00 340.00
891.00 912.00 924.00 928.00 927.00 924.00 921.00 920.00 920.00 922.00 925.00 932.00 940.00 948.00 954.00 958.00 959.00 960.00 963.00 965.00 968.00 970.00 972.00 974.00 975.00 977.00 979.00 980.00 981.00 981.00 982.00 983.00 984.00 985.00 984.00 982.00 977.00 973.00 967.00 961.00 955.00 948.00 942.00 935.00 928.00 919.00 903.00 869.00 812.00 768.00 749.00 732.00 718.00 703.00 688.00 662.00 619.00 565.00 530.00 505.00 486.00 463.00 440.00 418.00 400.00 384.00 370.00 357.00 345.00 336.00 334.00
882.00 899.00 914.00 921.00 925.00 921.00 919.00 918.00 920.00 923.00 928.00 936.00 945.00 952.00 957.00 961.00 961.00 963.00 965.00 967.00 970.00 972.00 974.00 976.00 978.00 979.00 980.00 981.00 981.00 982.00 983.00 984.00 985.00 985.00 982.00 977.00 969.00 962.00 956.00 950.00 945.00 938.00 931.00 924.00 915.00 903.00 883.00 852.00 794.00 741.00 715.00 705.00 699.00 689.00 674.00 646.00 602.00 559.00 530.00 508.00 488.00 467.00 445.00 423.00 403.00 386.00 371.00 358.00 345.00 335.00 330.00
879.00 890.00 905.00 916.00 922.00 920.00 919.00 918.00 921.00 926.00 933.00 941.00 949.00 956.00 961.00 962.00 964.00 966.00 968.00 971.00 973.00 975.00 977.00 979.00 980.00 981.00 981.00 982.00 982.00 983.00 984.00 984.00 984.00 983.00 978.00 969.00 960.00 952.00 946.00 940.00 934.00 927.00 921.00 912.00 899.00 881.00 861.00 833.00 778.00 715.00 684.00 676.00 671.00 664.00 649.00 618.00 578.00 547.00 524.00 505.00 487.00 468.00 447.00 426.00 406.00 388.00 373.00 358.00 345.00 334.00 326.00
876.00 886.00 899.00 912.00 919.00 917.00 916.00 918.00 923.00 930.00 938.00 946.00 953.00 959.00 963.00 965.00 968.00 970.00 972.00 974.00 976.00 978.00 979.00 981.00 981.00 982.00 982.00 983.00 983.00 984.00 984.00 983.00 982.00 979.00 971.00 961.00 952.00 943.00 936.00 929.00 923.00 914.00 906.00 893.00 873.00 851.00 831.00 810.00 770.00 713.00 668.00 649.00 642.00 635.00 617.00 586.00 557.00 535.00 516.00 499.00 482.00 465.00 446.00 427.00 407.00 389.00 373.00 358.00 344.00 332.00 323.00
874.00 883.00 895.00 906.00 914.00 914.00 914.00 918.00 925.00 934.00 942.00 949.00 955.00 961.00 965.00 968.00 971.00 973.00 975.00 977.00 979.00 980.00 981.00 982.00 982.00 982.00 983.00 983.00 984.00 984.00 983.00 981.00 977.00 972.00 964.00 954.00 943.00 933.00 924.00 915.00 906.00 893.00 879.00 861.00 836.00 816.00 800.00 784.00 760.00 721.00 671.00 633.00 618.00 607.00 587.00 562.00 543.00 525.00 508.00 492.00 475.00 458.00 441.00 424.00 406.00 388.00 371.00 356.00 342.00 330.00 320.00
871.00 882.00 893.00 902.00 908.00 910.00 914.00 920.00 929.00 938.00 946.00 952.00 957.00 962.00 967.00 970.00 973.00 975.00 978.00 979.00 981.00 982.00 982.00 982.00 982.00 983.00 983.00 983.00 983.00 982.00 981.00 976.00 970.00 963.00 955.00 946.00 935.00 924.00 911.00 896.00 881.00 862.00 840.00 821.00 803.00 788.00 771.00 753.00 734.00 713.00 679.00 633.00 601.00 582.00 563.00 546.00 532.00 516.00 499.00 482.00 466.00 450.00 434.00 418.00 402.00 385.00 368.00 353.00 339.00 327.00 319.00
867.00 881.00 891.00 899.00 903.00 908.00 914.00 923.00 932.00 941.00 949.00 956.00 960.00 964.00 968.00 971.00 974.00 977.00 979.00 981.00 982.00 983.00 983.00 983.00 983.00 983.00 983.00 982.00 981.00 979.00 974.00 968.00 961.00 954.00 946.00 938.00 928.00 916.00 898.00 871.00 844.00 825.00 808.00 793.00 777.00 759.00 739.00 718.00 702.00 691.00 671.00 628.00 587.00 563.00 547.00 533.00 520.00 505.00 488.00 473.00 457.00 442.00 426.00 410.00 396.00 381.00 365.00 350.00 336.00 325.00 318.00
863.00 879.00 889.00 895.00 899.00 906.00 915.00 926.00 936.00 945.00 952.00 959.00 963.00 966.00 969.00 972.00 975.00 977.00 979.00 982.00 983.00 983.00 984.00 984.00 983.00 983.00 982.00 980.00 977.00 972.00 966.00 959.00 952.00 944.00 937.00 929.00 922.00 909.00 886.00 846.00 814.00 799.00 788.00 773.00 751.00 727.00 707.00 690.00 673.00 661.00 642.00 605.00 569.00 548.00 534.00 521.00 508.00 494.00 478.00 463.00 448.00 433.00 417.00 402.00 389.00 376.00 362.00 348.00 334.00 323.00 317.00
858.00 877.00 885.00 889.00 895.00 905.00 917.00 928.00 939.00 948.00 955.00 961.00 965.00 968.00 970.00 972.00 975.00 977.00 979.00 982.00 983.00 984.00 984.00 984.00 983.00 982.00 980.00 976.00 971.00 965.00 958.00 950.00 942.00 935.00 927.00 921.00 916.00 900.00 866.00 821.00 795.00 784.00 771.00 750.00 723.00 702.00 684.00 666.00 646.00 628.00 604.00 574.00 550.00 534.00 521.00 509.00 496.00 483.00 468.00 454.00 439.00 423.00 408.00 395.00 383.00 371.00 358.00 345.00 332.00 322.00 316.00
852.00 870.00 878.00 883.00 892.00 905.00 919.00 930.00 940.00 949.00 956.00 962.00 965.00 968.00 971.00 973.00 975.00 977.00 979.00 982.00 983.00 984.00 983.00 982.00 982.00 981.00 977.00 972.00 965.00 957.00 950.00 941.00 933.00 925.00 919.00 914.00 907.00 888.00 841.00 799.00 786.00 770.00 751.00 722.00 698.00 680.00 663.00 642.00 615.00 591.00 568.00 547.00 531.00 520.00 508.00 496.00 484.00 471.00 457.00 443.00 429.00 414.00 400.00 388.00 376.00 365.00 354.00 342.00 331.00 321.00 315.00
845.00 859.00 869.00 878.00 890.00 905.00 919.00 930.00 939.00 947.00 954.00 960.00 964.00 968.00 970.00 972.00 974.00 975.00 977.00 980.00 982.00 982.00 982.00 980.00 979.00 977.00 972.00 966.00 958.00 950.00 942.00 933.00 924.00 916.00 909.00 901.00 888.00 861.00 816.00 789.00 771.00 750.00 727.00 701.00 678.00 660.00 638.00 612.00 582.00 558.00 540.00 525.00 514.00 506.00 495.00 484.00 472.00 459.00 446.00 433.00 419.00 405.00 392.00 381.00 370.00 360.00 349.00 338.00 328.00 320.00 313.00
840.00 851.00 863.00 875.00 888.00 903.00 917.00 928.00 937.00 944.00 950.00 956.00 961.00 965.00 969.00 971.00 972.00 973.00 975.00 977.00 980.00 979.00 977.00 975.00 973.00 970.00 965.00 958.00 951.00 942.00 934.00 925.00 916.00 905.00 894.00 883.00 860.00 823.00 792.00 773.00 753.00 730.00 706.00 684.00 660.00 632.00 604.00 578.00 556.00 538.00 522.00 509.00 500.00 492.00 482.00 471.00 459.00 447.00 434.00 422.00 410.00 397.00 386.00 375.00 364.00 354.00 344.00 335.00 325.00 317.00 311.00
839.00 848.00 859.00 872.00 886.00 900.00 914.00 925.00 932.00 939.00 944.00 949.00 955.00 960.00 965.00 967.00 968.00 969.00 972.00 975.00 975.00 972.00 970.00 968.00 966.00 963.00 958.00 951.00 943.00 935.00 926.00 917.00 905.00 889.00 869.00 842.00 815.00 791.00 772.00 755.00 732.00 708.00 684.00 661.00 631.00 596.00 569.00 551.00 537.00 523.00 509.00 496.00 486.00 478.00 468.00 457.00 445.00 434.00 422.00 410.00 399.00 389.00 379.00 368.00 358.00 348.00 339.00 331.00 322.00 314.00 308.00
842.00 848.00 856.00 867.00 882.00 896.00 908.00 918.00 926.00 932.00 936.00 941.00 946.00 952.00 958.00 961.00 962.00 963.00 964.00 964.00 964.00 962.00 960.00 959.00 957.00 955.00 949.00 943.00 935.00 927.00 918.00 907.00 888.00 864.00 839.00 811.00 783.00 764.00 749.00 730.00 707.00 684.00 660.00 631.00 596.00 566.00 546.00 534.00 523.00 510.00 496.00 482.00 470.00 462.00 454.00 443.00 431.00 419.00 408.00 398.00 389.00 381.00 372.00 362.00 352.00 342.00 333.00 325.00 318.00 311.00 305.00
