models/Grenoble_16_dalles/BDALTIV1_FXX_0900_6440_MNT_20120919_LAMB93_IGN69.asc
ncols        400
nrows        400
xllcorner    899987.50000000
yllcorner    6430012.50000000
cellsize     25.00000000
NODATA_value -99999.00
[rows 93 to 123 of 400, columns 204 to 271 of 400]
1143.00 1131.00 1118.00 1106.00 1093.00 1082.00 1072.00 1063.00 1055.00 1047.00 1040.00 1034.00 1029.00 1024.00 1021.00 1017.00 1013.00 1010.00 1005.00 999.00 992.00 985.00 977.00 970.00 961.00 951.00 941.00 932.00 923.00 915.00 907.00 901.00 898.00 898.00 901.00 906.00 912.00 918.00 925.00 934.00 940.00 938.00 925.00 909.00 894.00 881.00 869.00 857.00 845.00 833.00 817.00 799.00 784.00 775.00 774.00 774.00 773.00 770.00 766.00 762.00 754.00 741.00 725.00 709.00 694.00 683.00 670.00 656.00
1146.00 1134.00 1122.00 1110.00 1097.00 1086.00 1075.00 1066.00 1057.00 1049.00 1042.00 1035.00 1030.00 1025.00 1021.00 1017.00 1013.00 1009.00 1004.00 998.00 991.00 983.00 975.00 967.00 958.00 947.00 936.00 926.00 918.00 911.00 906.00 903.00 905.00 909.00 914.00 920.00 926.00 932.00 941.00 950.00 956.00 953.00 938.00 920.00 904.00 891.00 879.00 868.00 856.00 842.00 825.00 803.00 782.00 767.00 759.00 756.00 754.00 753.00 752.00 750.00 745.00 734.00 720.00 704.00 692.00 683.00 672.00 660.00
1147.00 1136.00 1124.00 1112.00 1100.00 1089.00 1078.00 1068.00 1059.00 1051.00 1044.00 1036.00 1031.00 1025.00 1021.00 1016.00 1012.00 1007.00 1002.00 995.00 987.00 979.00 971.00 963.00 953.00 942.00 931.00 922.00 914.00 909.00 907.00 908.00 913.00 920.00 927.00 933.00 940.00 947.00 956.00 964.00 969.00 964.00 949.00 930.00 914.00 900.00 889.00 877.00 865.00 851.00 833.00 810.00 788.00 768.00 753.00 742.00 735.00 734.00 734.00 733.00 730.00 721.00 708.00 694.00 681.00 671.00 662.00 653.00
1147.00 1137.00 1125.00 1113.00 1102.00 1090.00 1079.00 1069.00 1061.00 1053.00 1045.00 1038.00 1031.00 1025.00 1020.00 1015.00 1009.00 1004.00 998.00 992.00 984.00 975.00 966.00 957.00 947.00 936.00 926.00 918.00 913.00 911.00 912.00 917.00 924.00 932.00 939.00 946.00 953.00 960.00 969.00 978.00 980.00 973.00 957.00 939.00 922.00 909.00 897.00 885.00 872.00 858.00 841.00 820.00 798.00 778.00 757.00 738.00 724.00 718.00 717.00 716.00 714.00 707.00 695.00 681.00 668.00 656.00 646.00 641.00
1147.00 1137.00 1125.00 1113.00 1102.00 1091.00 1080.00 1070.00 1062.00 1053.00 1046.00 1038.00 1031.00 1024.00 1018.00 1012.00 1006.00 1000.00 994.00 987.00 979.00 970.00 960.00 950.00 940.00 930.00 922.00 917.00 915.00 917.00 921.00 928.00 936.00 944.00 951.00 957.00 964.00 972.00 981.00 990.00 991.00 982.00 965.00 946.00 930.00 916.00 904.00 892.00 878.00 864.00 849.00 830.00 809.00 789.00 767.00 743.00 723.00 711.00 704.00 701.00 699.00 694.00 684.00 670.00 655.00 642.00 634.00 630.00
1147.00 1137.00 1125.00 1113.00 1102.00 1091.00 1081.00 1071.00 1062.00 1053.00 1045.00 1037.00 1029.00 1022.00 1015.00 1009.00 1003.00 996.00 989.00 982.00 975.00 966.00 956.00 944.00 934.00 925.00 919.00 918.00 921.00 926.00 932.00 940.00 948.00 955.00 961.00 968.00 975.00 983.00 992.00 1001.00 1002.00 990.00 971.00 953.00 937.00 924.00 911.00 898.00 885.00 871.00 856.00 840.00 819.00 797.00 774.00 750.00 729.00 712.00 698.00 689.00 685.00 681.00 673.00 660.00 645.00 633.00 625.00 620.00
1146.00 1136.00 1125.00 1113.00 1102.00 1091.00 1081.00 1071.00 1061.00 1052.00 1043.00 1035.00 1026.00 1018.00 1011.00 1004.00 998.00 991.00 984.00 977.00 970.00 961.00 950.00 939.00 928.00 922.00 920.00 923.00 929.00 937.00 945.00 952.00 958.00 964.00 970.00 977.00 986.00 996.00 1007.00 1013.00 1010.00 996.00 977.00 959.00 943.00 930.00 918.00 905.00 892.00 878.00 864.00 848.00 827.00 803.00 779.00 756.00 735.00 715.00 700.00 688.00 679.00 671.00 663.00 653.00 641.00 628.00 619.00 613.00
1144.00 1134.00 1123.00 1111.00 1100.00 1090.00 1080.00 1070.00 1060.00 1051.00 1041.00 1032.00 1022.00 1014.00 1006.00 999.00 992.00 985.00 978.00 971.00 964.00 955.00 945.00 934.00 925.00 922.00 926.00 933.00 941.00 949.00 956.00 962.00 967.00 973.00 980.00 988.00 999.00 1012.00 1024.00 1028.00 1019.00 1002.00 983.00 965.00 950.00 937.00 926.00 913.00 899.00 886.00 871.00 854.00 833.00 808.00 784.00 762.00 740.00 721.00 706.00 695.00 685.00 676.00 667.00 656.00 643.00 631.00 622.00 612.00
1140.00 1129.00 1118.00 1107.00 1097.00 1087.00 1077.00 1067.00 1057.00 1048.00 1038.00 1028.00 1018.00 1009.00 1001.00 993.00 985.00 978.00 971.00 964.00 957.00 949.00 940.00 932.00 928.00 929.00 936.00 945.00 953.00 960.00 966.00 971.00 976.00 983.00 992.00 1002.00 1015.00 1030.00 1041.00 1041.00 1029.00 1010.00 990.00 972.00 958.00 946.00 934.00 921.00 907.00 893.00 878.00 861.00 841.00 817.00 793.00 770.00 748.00 729.00 715.00 705.00 698.00 690.00 681.00 671.00 660.00 649.00 637.00 626.00
1135.00 1123.00 1112.00 1101.00 1091.00 1082.00 1073.00 1063.00 1054.00 1044.00 1035.00 1024.00 1014.00 1004.00 995.00 986.00 978.00 971.00 964.00 958.00 952.00 945.00 940.00 936.00 937.00 941.00 949.00 957.00 964.00 970.00 975.00 980.00 985.00 994.00 1005.00 1019.00 1034.00 1047.00 1055.00 1052.00 1038.00 1019.00 999.00 982.00 967.00 955.00 942.00 929.00 915.00 900.00 883.00 867.00 849.00 827.00 804.00 782.00 761.00 742.00 728.00 718.00 712.00 708.00 701.00 692.00 682.00 671.00 656.00 641.00
1128.00 1117.00 1105.00 1094.00 1084.00 1075.00 1066.00 1058.00 1049.00 1040.00 1031.00 1021.00 1010.00 999.00 990.00 980.00 972.00 965.00 959.00 954.00 950.00 946.00 944.00 945.00 948.00 954.00 962.00 969.00 975.00 981.00 985.00 991.00 998.00 1008.00 1021.00 1037.00 1052.00 1065.00 1069.00 1063.00 1048.00 1029.00 1009.00 991.00 976.00 963.00 950.00 937.00 922.00 906.00 889.00 872.00 855.00 836.00 816.00 797.00 777.00 758.00 743.00 733.00 727.00 723.00 718.00 709.00 698.00 685.00 670.00 654.00
1122.00 1110.00 1099.00 1087.00 1077.00 1068.00 1059.00 1052.00 1044.00 1035.00 1027.00 1017.00 1006.00 996.00 985.00 976.00 967.00 960.00 956.00 953.00 951.00 951.00 951.00 954.00 959.00 966.00 973.00 980.00 986.00 992.00 997.00 1005.00 1015.00 1026.00 1039.00 1054.00 1071.00 1084.00 1086.00 1075.00 1058.00 1039.00 1019.00 1000.00 984.00 971.00 957.00 943.00 928.00 912.00 894.00 877.00 860.00 842.00 825.00 809.00 791.00 773.00 759.00 748.00 739.00 733.00 727.00 718.00 705.00 692.00 678.00 664.00
1115.00 1104.00 1093.00 1082.00 1071.00 1062.00 1053.00 1045.00 1038.00 1030.00 1022.00 1013.00 1003.00 993.00 982.00 972.00 964.00 958.00 955.00 954.00 955.00 957.00 960.00 964.00 970.00 977.00 984.00 991.00 998.00 1005.00 1013.00 1022.00 1033.00 1044.00 1056.00 1072.00 1089.00 1104.00 1106.00 1091.00 1069.00 1049.00 1029.00 1009.00 991.00 977.00 963.00 948.00 933.00 916.00 898.00 879.00 862.00 846.00 830.00 815.00 799.00 783.00 769.00 757.00 747.00 738.00 730.00 719.00 706.00 692.00 679.00 668.00
1109.00 1098.00 1087.00 1077.00 1067.00 1057.00 1048.00 1039.00 1032.00 1024.00 1017.00 1009.00 1000.00 989.00 979.00 970.00 962.00 958.00 957.00 958.00 961.00 965.00 968.00 973.00 979.00 987.00 995.00 1004.00 1012.00 1021.00 1030.00 1039.00 1049.00 1060.00 1072.00 1089.00 1108.00 1123.00 1125.00 1107.00 1081.00 1059.00 1039.00 1018.00 999.00 983.00 968.00 953.00 937.00 919.00 899.00 880.00 863.00 847.00 832.00 816.00 801.00 787.00 773.00 760.00 749.00 740.00 729.00 717.00 703.00 689.00 678.00 669.00
1103.00 1092.00 1082.00 1072.00 1063.00 1054.00 1044.00 1035.00 1027.00 1019.00 1011.00 1003.00 995.00 986.00 976.00 967.00 961.00 959.00 961.00 965.00 969.00 973.00 976.00 981.00 987.00 997.00 1008.00 1018.00 1027.00 1036.00 1045.00 1054.00 1064.00 1074.00 1089.00 1106.00 1124.00 1137.00 1138.00 1120.00 1093.00 1069.00 1049.00 1029.00 1008.00 990.00 973.00 956.00 939.00 920.00 900.00 880.00 863.00 848.00 832.00 816.00 802.00 787.00 773.00 760.00 749.00 739.00 728.00 715.00 700.00 687.00 676.00 669.00
1096.00 1086.00 1077.00 1068.00 1059.00 1051.00 1041.00 1032.00 1023.00 1015.00 1007.00 999.00 991.00 983.00 974.00 965.00 961.00 963.00 967.00 972.00 977.00 981.00 984.00 988.00 996.00 1007.00 1021.00 1032.00 1041.00 1050.00 1059.00 1068.00 1078.00 1090.00 1104.00 1121.00 1137.00 1150.00 1148.00 1130.00 1103.00 1079.00 1058.00 1038.00 1018.00 997.00 976.00 957.00 939.00 919.00 899.00 880.00 863.00 848.00 832.00 816.00 802.00 787.00 773.00 760.00 749.00 737.00 725.00 712.00 698.00 685.00 675.00 668.00
1089.00 1079.00 1071.00 1062.00 1055.00 1047.00 1038.00 1029.00 1020.00 1012.00 1004.00 996.00 988.00 981.00 973.00 966.00 965.00 969.00 975.00 981.00 987.00 991.00 992.00 996.00 1005.00 1018.00 1033.00 1044.00 1052.00 1061.00 1071.00 1081.00 1092.00 1104.00 1118.00 1133.00 1148.00 1160.00 1156.00 1137.00 1111.00 1087.00 1065.00 1045.00 1025.00 1002.00 976.00 956.00 937.00 918.00 898.00 879.00 863.00 848.00 832.00 816.00 802.00 787.00 774.00 761.00 748.00 736.00 722.00 708.00 695.00 683.00 674.00 667.00
1081.00 1072.00 1064.00 1056.00 1048.00 1041.00 1032.00 1025.00 1017.00 1009.00 1001.00 993.00 986.00 979.00 973.00 969.00 970.00 976.00 983.00 989.00 995.00 999.00 1002.00 1006.00 1015.00 1029.00 1042.00 1052.00 1061.00 1070.00 1081.00 1092.00 1104.00 1116.00 1129.00 1143.00 1156.00 1163.00 1158.00 1140.00 1116.00 1091.00 1069.00 1049.00 1027.00 1003.00 977.00 955.00 936.00 917.00 898.00 879.00 863.00 847.00 832.00 816.00 802.00 788.00 774.00 761.00 747.00 734.00 719.00 705.00 691.00 680.00 672.00 665.00
1074.00 1065.00 1057.00 1049.00 1040.00 1033.00 1026.00 1021.00 1014.00 1006.00 998.00 990.00 984.00 979.00 974.00 973.00 977.00 983.00 990.00 997.00 1004.00 1008.00 1012.00 1017.00 1026.00 1038.00 1049.00 1059.00 1068.00 1077.00 1089.00 1101.00 1114.00 1126.00 1138.00 1150.00 1159.00 1162.00 1154.00 1137.00 1115.00 1092.00 1070.00 1050.00 1028.00 1002.00 976.00 954.00 935.00 916.00 897.00 879.00 863.00 847.00 832.00 816.00 802.00 788.00 774.00 760.00 746.00 731.00 716.00 701.00 687.00 677.00 670.00 663.00
1069.00 1060.00 1051.00 1042.00 1034.00 1027.00 1022.00 1018.00 1012.00 1003.00 994.00 988.00 983.00 979.00 977.00 978.00 982.00 989.00 997.00 1005.00 1012.00 1018.00 1023.00 1028.00 1035.00 1045.00 1055.00 1065.00 1074.00 1084.00 1095.00 1108.00 1121.00 1134.00 1145.00 1155.00 1160.00 1157.00 1146.00 1130.00 1111.00 1090.00 1070.00 1050.00 1028.00 1001.00 975.00 953.00 934.00 916.00 897.00 879.00 863.00 847.00 831.00 816.00 801.00 787.00 773.00 758.00 744.00 728.00 713.00 698.00 686.00 676.00 668.00 661.00
1066.00 1057.00 1048.00 1040.00 1034.00 1029.00 1023.00 1019.00 1014.00 1004.00 994.00 988.00 984.00 980.00 980.00 982.00 988.00 995.00 1004.00 1013.00 1021.00 1028.00 1034.00 1038.00 1044.00 1052.00 1060.00 1070.00 1080.00 1090.00 1101.00 1114.00 1127.00 1139.00 1150.00 1158.00 1158.00 1151.00 1138.00 1122.00 1105.00 1086.00 1067.00 1047.00 1024.00 998.00 972.00 951.00 933.00 914.00 895.00 878.00 862.00 846.00 831.00 815.00 800.00 786.00 771.00 756.00 741.00 725.00 710.00 696.00 684.00 674.00 666.00 659.00
1070.00 1062.00 1055.00 1047.00 1041.00 1036.00 1031.00 1026.00 1019.00 1008.00 998.00 991.00 987.00 983.00 983.00 987.00 993.00 1000.00 1010.00 1021.00 1030.00 1037.00 1043.00 1047.00 1052.00 1058.00 1066.00 1074.00 1084.00 1095.00 1106.00 1119.00 1132.00 1144.00 1154.00 1159.00 1155.00 1145.00 1130.00 1114.00 1098.00 1081.00 1062.00 1041.00 1017.00 992.00 969.00 949.00 931.00 912.00 892.00 875.00 860.00 844.00 829.00 813.00 798.00 784.00 769.00 754.00 738.00 722.00 708.00 695.00 683.00 673.00 665.00 658.00
1079.00 1071.00 1064.00 1057.00 1051.00 1045.00 1040.00 1035.00 1027.00 1016.00 1005.00 996.00 990.00 987.00 987.00 991.00 998.00 1006.00 1017.00 1028.00 1037.00 1045.00 1050.00 1055.00 1059.00 1065.00 1071.00 1079.00 1089.00 1100.00 1111.00 1124.00 1137.00 1148.00 1157.00 1158.00 1151.00 1138.00 1123.00 1107.00 1090.00 1074.00 1055.00 1034.00 1010.00 986.00 965.00 946.00 928.00 908.00 888.00 872.00 857.00 843.00 827.00 811.00 795.00 781.00 766.00 751.00 735.00 720.00 706.00 693.00 682.00 673.00 665.00 658.00
1090.00 1082.00 1074.00 1066.00 1060.00 1054.00 1049.00 1044.00 1037.00 1025.00 1012.00 1002.00 994.00 990.00 991.00 996.00 1003.00 1012.00 1022.00 1033.00 1043.00 1050.00 1056.00 1061.00 1066.00 1071.00 1077.00 1085.00 1094.00 1104.00 1116.00 1128.00 1141.00 1152.00 1159.00 1157.00 1146.00 1131.00 1116.00 1100.00 1083.00 1066.00 1047.00 1026.00 1003.00 980.00 959.00 941.00 923.00 903.00 884.00 868.00 855.00 840.00 824.00 807.00 792.00 778.00 763.00 747.00 731.00 717.00 703.00 692.00 682.00 673.00 665.00 658.00
1101.00 1093.00 1084.00 1075.00 1067.00 1061.00 1055.00 1051.00 1044.00 1033.00 1020.00 1008.00 998.00 994.00 996.00 1001.00 1008.00 1017.00 1027.00 1037.00 1046.00 1054.00 1060.00 1065.00 1071.00 1077.00 1083.00 1090.00 1099.00 1109.00 1120.00 1133.00 1145.00 1155.00 1160.00 1156.00 1142.00 1125.00 1109.00 1092.00 1075.00 1056.00 1038.00 1018.00 996.00 975.00 955.00 936.00 917.00 897.00 879.00 864.00 851.00 837.00 821.00 804.00 788.00 773.00 758.00 743.00 728.00 714.00 702.00 691.00 681.00 673.00 665.00 659.00
1112.00 1102.00 1093.00 1083.00 1074.00 1066.00 1060.00 1054.00 1048.00 1038.00 1026.00 1013.00 1002.00 997.00 1000.00 1006.00 1013.00 1021.00 1031.00 1040.00 1049.00 1056.00 1063.00 1069.00 1075.00 1081.00 1088.00 1095.00 1103.00 1113.00 1125.00 1137.00 1149.00 1158.00 1161.00 1154.00 1137.00 1119.00 1102.00 1085.00 1066.00 1047.00 1029.00 1010.00 990.00 970.00 950.00 931.00 911.00 892.00 875.00 860.00 846.00 831.00 816.00 799.00 782.00 767.00 753.00 739.00 724.00 711.00 700.00 690.00 680.00 672.00 665.00 660.00
1121.00 1110.00 1100.00 1089.00 1078.00 1069.00 1063.00 1057.00 1050.00 1042.00 1031.00 1018.00 1006.00 1001.00 1004.00 1010.00 1017.00 1025.00 1034.00 1043.00 1051.00 1058.00 1065.00 1072.00 1078.00 1085.00 1092.00 1099.00 1108.00 1118.00 1129.00 1141.00 1152.00 1160.00 1160.00 1151.00 1134.00 1115.00 1096.00 1078.00 1058.00 1039.00 1022.00 1004.00 985.00 965.00 945.00 925.00 906.00 887.00 870.00 854.00 840.00 825.00 810.00 793.00 775.00 760.00 747.00 735.00 722.00 710.00 699.00 689.00 680.00 672.00 665.00 660.00
1131.00 1118.00 1106.00 1094.00 1081.00 1072.00 1065.00 1059.00 1052.00 1044.00 1033.00 1020.00 1010.00 1005.00 1008.00 1014.00 1021.00 1029.00 1037.00 1045.00 1053.00 1060.00 1067.00 1074.00 1081.00 1088.00 1095.00 1103.00 1112.00 1122.00 1133.00 1145.00 1156.00 1162.00 1161.00 1151.00 1134.00 1113.00 1092.00 1072.00 1053.00 1034.00 1016.00 998.00 979.00 960.00 940.00 920.00 901.00 882.00 865.00 848.00 833.00 818.00 802.00 785.00 769.00 754.00 742.00 731.00 719.00 708.00 698.00 688.00 680.00 672.00 666.00 661.00
1139.00 1125.00 1112.00 1099.00 1086.00 1076.00 1068.00 1060.00 1053.00 1044.00 1034.00 1023.00 1013.00 1009.00 1013.00 1019.00 1025.00 1033.00 1040.00 1048.00 1055.00 1062.00 1069.00 1076.00 1084.00 1091.00 1099.00 1107.00 1115.00 1126.00 1138.00 1149.00 1160.00 1165.00 1163.00 1152.00 1133.00 1111.00 1089.00 1068.00 1049.00 1030.00 1011.00 993.00 974.00 954.00 934.00 915.00 895.00 877.00 859.00 842.00 826.00 810.00 794.00 778.00 762.00 749.00 738.00 727.00 716.00 706.00 696.00 688.00 680.00 673.00 667.00 662.00
1144.00 1131.00 1117.00 1104.00 1092.00 1080.00 1071.00 1062.00 1053.00 1044.00 1035.00 1024.00 1015.00 1013.00 1017.00 1023.00 1029.00 1036.00 1044.00 1050.00 1057.00 1064.00 1071.00 1079.00 1087.00 1094.00 1103.00 1111.00 1120.00 1130.00 1142.00 1154.00 1164.00 1169.00 1166.00 1153.00 1133.00 1110.00 1087.00 1066.00 1047.00 1027.00 1007.00 988.00 969.00 949.00 928.00 909.00 890.00 871.00 852.00 835.00 818.00 802.00 787.00 771.00 757.00 745.00 735.00 725.00 714.00 704.00 695.00 687.00 679.00 673.00 668.00 663.00
1145.00 1133.00 1120.00 1107.00 1095.00 1084.00 1073.00 1063.00 1054.00 1045.00 1035.00 1026.00 1018.00 1018.00 1022.00 1027.00 1033.00 1040.00 1047.00 1053.00 1060.00 1067.00 1074.00 1082.00 1090.00 1098.00 1106.00 1115.00 1125.00 1136.00 1147.00 1159.00 1169.00 1173.00 1169.00 1155.00 1134.00 1110.00 1086.00 1065.00 1045.00 1025.00 1004.00 984.00 964.00 942.00 922.00 904.00 884.00 865.00 846.00 829.00 812.00 796.00 781.00 766.00 753.00 742.00 732.00 722.00 712.00 703.00 694.00 686.00 679.00 673.00 668.00 664.00
