models/Grenoble_16_dalles/BDALTIV1_FXX_0910_6440_MNT_20120919_LAMB93_IGN69.asc
ncols        400
nrows        400
xllcorner    909987.50000000
yllcorner    6430012.50000000
cellsize     25.00000000
NODATA_value -99999.00
[rows 0 to 30 of 400, columns 138 to 206 of 400]
560.00 570.00 581.00 592.00 605.00 617.00 631.00 645.00 661.00 680.00 705.00 731.00 754.00 774.00 791.00 803.00 810.00 814.00 815.00 814.00 812.00 809.00 806.00 804.00 806.00 809.00 813.00 819.00 825.00 832.00 840.00 848.00 856.00 864.00 874.00 883.00 892.00 900.00 907.00 913.00 919.00 923.00 928.00 931.00 935.00 940.00 945.00 951.00 957.00 962.00 968.00 971.00 973.00 975.00 976.00 978.00 981.00 985.00 989.00 997.00 1004.00 1013.00 1019.00 1020.00 1016.00 1011.00 1005.00 997.00 983.00
562.00 572.00 582.00 594.00 606.00 619.00 633.00 647.00 664.00 685.00 709.00 735.00 759.00 779.00 795.00 806.00 812.00 815.00 816.00 816.00 815.00 813.00 812.00 811.00 813.00 816.00 820.00 826.00 832.00 840.00 847.00 855.00 864.00 873.00 883.00 893.00 903.00 912.00 918.00 925.00 930.00 935.00 940.00 944.00 948.00 953.00 958.00 964.00 970.00 975.00 980.00 984.00 986.00 987.00 989.00 991.00 993.00 996.00 1001.00 1009.00 1019.00 1028.00 1033.00 1032.00 1027.00 1021.00 1015.00 1007.00 995.00
564.00 573.00 584.00 595.00 607.00 621.00 635.00 650.00 667.00 688.00 713.00 740.00 765.00 784.00 799.00 808.00 814.00 817.00 819.00 819.00 818.00 818.00 817.00 818.00 819.00 822.00 826.00 832.00 839.00 846.00 854.00 862.00 871.00 881.00 892.00 903.00 912.00 921.00 928.00 934.00 940.00 946.00 951.00 956.00 961.00 966.00 971.00 977.00 983.00 989.00 994.00 998.00 1000.00 1001.00 1002.00 1003.00 1006.00 1010.00 1016.00 1025.00 1034.00 1041.00 1045.00 1043.00 1036.00 1028.00 1022.00 1013.00 1003.00
564.00 574.00 584.00 596.00 609.00 622.00 637.00 652.00 670.00 692.00 718.00 745.00 769.00 788.00 802.00 810.00 816.00 819.00 821.00 822.00 822.00 823.00 823.00 824.00 825.00 828.00 833.00 839.00 845.00 853.00 860.00 869.00 879.00 890.00 901.00 912.00 921.00 929.00 936.00 943.00 949.00 956.00 962.00 967.00 973.00 979.00 985.00 991.00 996.00 1003.00 1009.00 1013.00 1016.00 1016.00 1017.00 1018.00 1020.00 1024.00 1032.00 1040.00 1048.00 1053.00 1055.00 1052.00 1044.00 1035.00 1028.00 1019.00 1009.00
563.00 573.00 584.00 596.00 609.00 623.00 638.00 655.00 673.00 695.00 722.00 750.00 773.00 790.00 802.00 811.00 817.00 821.00 824.00 825.00 826.00 827.00 828.00 829.00 831.00 834.00 839.00 845.00 851.00 858.00 866.00 875.00 886.00 898.00 910.00 921.00 930.00 937.00 944.00 950.00 957.00 965.00 972.00 979.00 986.00 993.00 998.00 1005.00 1011.00 1017.00 1023.00 1029.00 1032.00 1032.00 1033.00 1034.00 1036.00 1041.00 1048.00 1055.00 1061.00 1065.00 1065.00 1060.00 1053.00 1044.00 1035.00 1025.00 1015.00
563.00 573.00 584.00 596.00 609.00 624.00 639.00 657.00 676.00 697.00 725.00 753.00 774.00 790.00 802.00 811.00 818.00 823.00 826.00 829.00 831.00 832.00 833.00 835.00 837.00 840.00 845.00 851.00 857.00 864.00 872.00 881.00 893.00 906.00 918.00 928.00 937.00 944.00 951.00 958.00 966.00 974.00 982.00 990.00 998.00 1005.00 1012.00 1019.00 1025.00 1031.00 1038.00 1044.00 1048.00 1049.00 1050.00 1052.00 1054.00 1058.00 1064.00 1069.00 1074.00 1076.00 1074.00 1069.00 1061.00 1052.00 1041.00 1031.00 1020.00
562.00 573.00 584.00 596.00 610.00 624.00 640.00 658.00 677.00 699.00 725.00 752.00 774.00 789.00 802.00 811.00 819.00 824.00 829.00 832.00 835.00 836.00 838.00 840.00 843.00 846.00 851.00 856.00 863.00 870.00 878.00 888.00 900.00 913.00 924.00 935.00 944.00 952.00 959.00 967.00 975.00 984.00 992.00 1001.00 1009.00 1018.00 1026.00 1032.00 1039.00 1045.00 1052.00 1058.00 1063.00 1066.00 1068.00 1070.00 1073.00 1076.00 1080.00 1083.00 1086.00 1087.00 1083.00 1077.00 1070.00 1060.00 1048.00 1036.00 1025.00
563.00 573.00 584.00 597.00 610.00 624.00 641.00 659.00 678.00 700.00 724.00 750.00 772.00 789.00 802.00 812.00 820.00 826.00 831.00 835.00 838.00 841.00 843.00 845.00 848.00 852.00 857.00 862.00 868.00 875.00 884.00 894.00 906.00 919.00 931.00 941.00 950.00 959.00 967.00 975.00 984.00 993.00 1002.00 1011.00 1020.00 1030.00 1038.00 1045.00 1051.00 1058.00 1065.00 1072.00 1078.00 1081.00 1084.00 1087.00 1090.00 1092.00 1095.00 1097.00 1097.00 1096.00 1092.00 1086.00 1078.00 1067.00 1054.00 1041.00 1030.00
563.00 573.00 585.00 597.00 611.00 625.00 641.00 660.00 679.00 700.00 724.00 749.00 770.00 788.00 802.00 813.00 822.00 828.00 833.00 838.00 842.00 845.00 847.00 850.00 854.00 857.00 862.00 867.00 873.00 881.00 889.00 900.00 912.00 925.00 937.00 948.00 957.00 966.00 975.00 984.00 993.00 1002.00 1011.00 1021.00 1031.00 1040.00 1049.00 1056.00 1063.00 1070.00 1077.00 1084.00 1090.00 1095.00 1099.00 1102.00 1105.00 1108.00 1109.00 1110.00 1108.00 1104.00 1098.00 1092.00 1084.00 1074.00 1061.00 1047.00 1035.00
563.00 574.00 586.00 599.00 612.00 626.00 642.00 660.00 680.00 701.00 723.00 747.00 769.00 787.00 802.00 814.00 824.00 831.00 837.00 842.00 845.00 848.00 851.00 854.00 858.00 862.00 866.00 872.00 878.00 885.00 894.00 905.00 917.00 930.00 943.00 955.00 964.00 973.00 982.00 992.00 1001.00 1010.00 1020.00 1029.00 1039.00 1049.00 1058.00 1066.00 1073.00 1081.00 1088.00 1095.00 1102.00 1108.00 1112.00 1116.00 1119.00 1123.00 1124.00 1122.00 1117.00 1111.00 1104.00 1098.00 1090.00 1080.00 1068.00 1054.00 1040.00
563.00 576.00 589.00 602.00 615.00 629.00 644.00 662.00 681.00 701.00 723.00 746.00 767.00 787.00 803.00 816.00 826.00 834.00 841.00 845.00 848.00 852.00 855.00 858.00 861.00 865.00 870.00 876.00 882.00 889.00 899.00 909.00 922.00 936.00 950.00 962.00 971.00 980.00 989.00 999.00 1009.00 1018.00 1028.00 1037.00 1047.00 1057.00 1066.00 1075.00 1083.00 1091.00 1099.00 1106.00 1113.00 1119.00 1124.00 1128.00 1132.00 1136.00 1137.00 1133.00 1126.00 1118.00 1110.00 1103.00 1095.00 1086.00 1075.00 1061.00 1047.00
566.00 579.00 593.00 606.00 619.00 633.00 649.00 667.00 685.00 704.00 725.00 747.00 769.00 789.00 805.00 819.00 828.00 836.00 843.00 848.00 851.00 854.00 857.00 860.00 864.00 867.00 872.00 879.00 885.00 893.00 903.00 914.00 927.00 942.00 956.00 968.00 978.00 987.00 996.00 1006.00 1016.00 1026.00 1035.00 1045.00 1054.00 1063.00 1073.00 1083.00 1092.00 1100.00 1108.00 1116.00 1123.00 1130.00 1135.00 1140.00 1144.00 1149.00 1149.00 1144.00 1136.00 1126.00 1117.00 1109.00 1101.00 1093.00 1082.00 1070.00 1056.00
570.00 584.00 598.00 610.00 623.00 637.00 655.00 673.00 691.00 710.00 732.00 753.00 774.00 793.00 809.00 822.00 832.00 840.00 846.00 850.00 854.00 857.00 860.00 862.00 865.00 869.00 874.00 881.00 888.00 897.00 907.00 918.00 932.00 947.00 961.00 973.00 983.00 993.00 1003.00 1013.00 1024.00 1033.00 1042.00 1051.00 1060.00 1069.00 1079.00 1089.00 1099.00 1108.00 1116.00 1125.00 1132.00 1139.00 1146.00 1151.00 1156.00 1160.00 1161.00 1155.00 1145.00 1135.00 1125.00 1116.00 1108.00 1099.00 1089.00 1078.00 1065.00
574.00 589.00 602.00 614.00 627.00 642.00 661.00 679.00 698.00 718.00 741.00 762.00 780.00 798.00 814.00 826.00 836.00 843.00 848.00 852.00 856.00 859.00 862.00 864.00 867.00 871.00 876.00 883.00 891.00 901.00 911.00 924.00 938.00 953.00 966.00 977.00 988.00 999.00 1010.00 1021.00 1031.00 1040.00 1048.00 1057.00 1065.00 1075.00 1084.00 1095.00 1105.00 1115.00 1124.00 1132.00 1140.00 1148.00 1156.00 1163.00 1168.00 1171.00 1170.00 1163.00 1154.00 1144.00 1134.00 1124.00 1114.00 1105.00 1095.00 1085.00 1074.00
579.00 593.00 606.00 619.00 632.00 648.00 667.00 686.00 705.00 727.00 751.00 770.00 787.00 803.00 818.00 831.00 840.00 846.00 851.00 854.00 857.00 860.00 863.00 866.00 869.00 873.00 879.00 886.00 895.00 905.00 916.00 929.00 944.00 958.00 970.00 980.00 992.00 1004.00 1017.00 1028.00 1038.00 1046.00 1054.00 1061.00 1070.00 1079.00 1089.00 1099.00 1110.00 1121.00 1130.00 1139.00 1148.00 1157.00 1166.00 1174.00 1180.00 1181.00 1178.00 1171.00 1161.00 1152.00 1142.00 1131.00 1121.00 1112.00 1102.00 1092.00 1081.00
583.00 597.00 611.00 624.00 638.00 655.00 675.00 693.00 713.00 738.00 761.00 778.00 793.00 809.00 824.00 836.00 844.00 849.00 853.00 856.00 859.00 862.00 865.00 868.00 871.00 876.00 882.00 890.00 899.00 909.00 920.00 934.00 950.00 963.00 973.00 983.00 994.00 1009.00 1023.00 1035.00 1044.00 1051.00 1058.00 1065.00 1073.00 1083.00 1093.00 1104.00 1114.00 1125.00 1135.00 1145.00 1155.00 1165.00 1175.00 1184.00 1191.00 1191.00 1186.00 1178.00 1169.00 1159.00 1149.00 1139.00 1129.00 1118.00 1108.00 1099.00 1089.00
588.00 602.00 616.00 630.00 645.00 663.00 682.00 700.00 722.00 747.00 768.00 784.00 799.00 815.00 830.00 841.00 848.00 852.00 855.00 857.00 861.00 864.00 867.00 870.00 874.00 879.00 885.00 893.00 903.00 913.00 925.00 938.00 953.00 966.00 976.00 986.00 997.00 1013.00 1030.00 1041.00 1049.00 1056.00 1062.00 1069.00 1076.00 1086.00 1097.00 1108.00 1118.00 1129.00 1139.00 1150.00 1161.00 1173.00 1184.00 1193.00 1200.00 1199.00 1192.00 1184.00 1175.00 1166.00 1157.00 1147.00 1136.00 1126.00 1116.00 1105.00 1096.00
594.00 608.00 622.00 636.00 653.00 671.00 689.00 708.00 731.00 756.00 775.00 789.00 804.00 820.00 835.00 844.00 850.00 853.00 856.00 859.00 862.00 866.00 869.00 873.00 877.00 882.00 889.00 897.00 907.00 917.00 929.00 942.00 955.00 967.00 977.00 988.00 1001.00 1018.00 1035.00 1046.00 1054.00 1060.00 1065.00 1072.00 1080.00 1089.00 1100.00 1111.00 1122.00 1133.00 1143.00 1154.00 1167.00 1180.00 1192.00 1201.00 1205.00 1204.00 1198.00 1190.00 1182.00 1173.00 1164.00 1155.00 1144.00 1134.00 1123.00 1113.00 1103.00
601.00 615.00 629.00 645.00 661.00 679.00 696.00 715.00 740.00 764.00 780.00 794.00 810.00 825.00 838.00 847.00 852.00 855.00 858.00 861.00 864.00 868.00 871.00 875.00 880.00 886.00 893.00 901.00 911.00 921.00 933.00 945.00 957.00 968.00 979.00 991.00 1005.00 1022.00 1038.00 1049.00 1057.00 1063.00 1068.00 1075.00 1083.00 1093.00 1104.00 1115.00 1126.00 1136.00 1147.00 1158.00 1172.00 1186.00 1198.00 1206.00 1210.00 1209.00 1205.00 1197.00 1189.00 1180.00 1172.00 1162.00 1152.00 1142.00 1131.00 1120.00 1109.00
608.00 622.00 637.00 653.00 669.00 686.00 703.00 724.00 750.00 770.00 785.00 799.00 815.00 830.00 842.00 849.00 853.00 856.00 859.00 862.00 866.00 870.00 874.00 878.00 883.00 889.00 897.00 905.00 915.00 925.00 936.00 947.00 958.00 969.00 980.00 992.00 1008.00 1024.00 1040.00 1051.00 1058.00 1065.00 1071.00 1077.00 1086.00 1095.00 1107.00 1118.00 1129.00 1140.00 1150.00 1162.00 1176.00 1191.00 1203.00 1211.00 1215.00 1215.00 1211.00 1204.00 1196.00 1187.00 1179.00 1170.00 1160.00 1150.00 1139.00 1128.00 1116.00
615.00 629.00 644.00 661.00 677.00 693.00 710.00 733.00 758.00 776.00 790.00 805.00 820.00 834.00 845.00 850.00 854.00 857.00 860.00 864.00 868.00 872.00 876.00 881.00 886.00 893.00 901.00 909.00 918.00 928.00 938.00 949.00 959.00 970.00 981.00 994.00 1009.00 1025.00 1040.00 1051.00 1059.00 1066.00 1072.00 1080.00 1088.00 1097.00 1108.00 1120.00 1131.00 1142.00 1152.00 1164.00 1179.00 1194.00 1206.00 1214.00 1219.00 1220.00 1218.00 1212.00 1204.00 1195.00 1186.00 1178.00 1168.00 1158.00 1147.00 1135.00 1122.00
621.00 636.00 652.00 668.00 684.00 700.00 719.00 743.00 765.00 781.00 795.00 810.00 825.00 838.00 847.00 852.00 855.00 858.00 861.00 865.00 869.00 874.00 879.00 884.00 890.00 897.00 904.00 913.00 921.00 930.00 940.00 950.00 960.00 971.00 983.00 995.00 1010.00 1025.00 1040.00 1050.00 1058.00 1066.00 1073.00 1081.00 1089.00 1098.00 1109.00 1120.00 1131.00 1141.00 1152.00 1164.00 1180.00 1196.00 1208.00 1216.00 1222.00 1225.00 1225.00 1221.00 1214.00 1204.00 1195.00 1186.00 1176.00 1166.00 1155.00 1143.00 1130.00
627.00 642.00 659.00 675.00 690.00 706.00 727.00 751.00 771.00 786.00 800.00 815.00 830.00 842.00 848.00 853.00 856.00 859.00 863.00 866.00 871.00 875.00 880.00 886.00 893.00 900.00 908.00 916.00 924.00 932.00 941.00 951.00 961.00 972.00 984.00 997.00 1010.00 1024.00 1037.00 1047.00 1056.00 1064.00 1072.00 1080.00 1089.00 1098.00 1108.00 1119.00 1129.00 1139.00 1149.00 1163.00 1180.00 1196.00 1207.00 1216.00 1223.00 1228.00 1231.00 1230.00 1223.00 1214.00 1204.00 1195.00 1186.00 1175.00 1164.00 1152.00 1138.00
632.00 648.00 666.00 682.00 696.00 714.00 736.00 758.00 776.00 790.00 805.00 821.00 835.00 844.00 850.00 854.00 857.00 860.00 864.00 868.00 872.00 877.00 882.00 888.00 896.00 903.00 911.00 919.00 926.00 934.00 942.00 951.00 961.00 973.00 985.00 998.00 1010.00 1022.00 1033.00 1043.00 1052.00 1061.00 1069.00 1078.00 1087.00 1095.00 1105.00 1116.00 1126.00 1135.00 1146.00 1160.00 1177.00 1192.00 1205.00 1215.00 1223.00 1230.00 1235.00 1237.00 1233.00 1224.00 1215.00 1205.00 1196.00 1185.00 1174.00 1162.00 1149.00
636.00 654.00 672.00 688.00 703.00 722.00 745.00 766.00 781.00 795.00 811.00 827.00 840.00 847.00 851.00 855.00 858.00 861.00 865.00 869.00 873.00 878.00 884.00 891.00 898.00 906.00 914.00 921.00 928.00 936.00 943.00 952.00 962.00 973.00 985.00 997.00 1009.00 1019.00 1029.00 1039.00 1048.00 1057.00 1065.00 1074.00 1083.00 1092.00 1101.00 1111.00 1121.00 1131.00 1142.00 1156.00 1172.00 1187.00 1201.00 1211.00 1221.00 1228.00 1235.00 1241.00 1241.00 1234.00 1226.00 1216.00 1206.00 1196.00 1185.00 1173.00 1161.00
642.00 660.00 679.00 694.00 709.00 729.00 752.00 771.00 786.00 801.00 818.00 833.00 844.00 849.00 853.00 856.00 859.00 863.00 867.00 870.00 875.00 879.00 886.00 893.00 901.00 909.00 916.00 924.00 930.00 937.00 944.00 952.00 962.00 974.00 986.00 997.00 1008.00 1017.00 1026.00 1035.00 1043.00 1052.00 1061.00 1069.00 1078.00 1087.00 1097.00 1106.00 1116.00 1125.00 1138.00 1152.00 1167.00 1182.00 1195.00 1207.00 1217.00 1226.00 1234.00 1241.00 1244.00 1242.00 1236.00 1227.00 1218.00 1208.00 1197.00 1185.00 1173.00
648.00 666.00 684.00 699.00 716.00 738.00 759.00 776.00 790.00 807.00 824.00 839.00 847.00 852.00 854.00 857.00 860.00 864.00 868.00 872.00 876.00 881.00 887.00 895.00 903.00 911.00 919.00 926.00 932.00 939.00 945.00 953.00 963.00 975.00 987.00 999.00 1009.00 1018.00 1025.00 1032.00 1040.00 1049.00 1057.00 1065.00 1074.00 1083.00 1093.00 1102.00 1111.00 1121.00 1133.00 1147.00 1162.00 1176.00 1190.00 1203.00 1213.00 1223.00 1232.00 1240.00 1246.00 1246.00 1243.00 1237.00 1228.00 1219.00 1208.00 1197.00 1184.00
654.00 672.00 689.00 704.00 722.00 745.00 765.00 780.00 794.00 813.00 831.00 844.00 850.00 854.00 856.00 858.00 862.00 866.00 870.00 874.00 878.00 883.00 890.00 897.00 905.00 913.00 921.00 928.00 934.00 941.00 947.00 955.00 965.00 977.00 990.00 1002.00 1012.00 1020.00 1027.00 1034.00 1042.00 1050.00 1057.00 1064.00 1072.00 1082.00 1091.00 1100.00 1108.00 1118.00 1130.00 1143.00 1157.00 1171.00 1185.00 1198.00 1209.00 1220.00 1229.00 1238.00 1245.00 1248.00 1247.00 1244.00 1238.00 1229.00 1219.00 1207.00 1195.00
659.00 677.00 694.00 710.00 730.00 752.00 770.00 784.00 800.00 820.00 838.00 848.00 853.00 855.00 857.00 860.00 863.00 867.00 871.00 876.00 881.00 886.00 892.00 899.00 907.00 915.00 923.00 930.00 937.00 943.00 950.00 958.00 969.00 982.00 995.00 1007.00 1017.00 1025.00 1033.00 1040.00 1049.00 1057.00 1063.00 1069.00 1076.00 1084.00 1093.00 1100.00 1108.00 1117.00 1128.00 1140.00 1153.00 1167.00 1180.00 1193.00 1205.00 1216.00 1226.00 1236.00 1244.00 1249.00 1250.00 1249.00 1245.00 1239.00 1229.00 1217.00 1205.00
664.00 682.00 699.00 717.00 738.00 759.00 775.00 789.00 807.00 828.00 844.00 852.00 855.00 857.00 858.00 861.00 864.00 868.00 872.00 877.00 882.00 888.00 894.00 901.00 909.00 917.00 924.00 932.00 939.00 946.00 953.00 962.00 973.00 987.00 1001.00 1014.00 1024.00 1033.00 1041.00 1049.00 1058.00 1065.00 1071.00 1077.00 1084.00 1092.00 1098.00 1105.00 1111.00 1119.00 1129.00 1140.00 1151.00 1163.00 1176.00 1188.00 1200.00 1212.00 1223.00 1233.00 1242.00 1249.00 1253.00 1254.00 1252.00 1247.00 1238.00 1227.00 1215.00
670.00 688.00 705.00 724.00 746.00 766.00 780.00 795.00 814.00 834.00 847.00 854.00 856.00 858.00 859.00 861.00 864.00 868.00 872.00 878.00 884.00 890.00 896.00 903.00 910.00 918.00 926.00 934.00 941.00 949.00 957.00 967.00 979.00 993.00 1007.00 1021.00 1032.00 1041.00 1050.00 1059.00 1067.00 1075.00 1081.00 1087.00 1094.00 1100.00 1106.00 1111.00 1117.00 1125.00 1134.00 1143.00 1152.00 1161.00 1172.00 1184.00 1196.00 1208.00 1219.00 1231.00 1241.00 1249.00 1255.00 1257.00 1257.00 1253.00 1246.00 1235.00 1224.00
