models/Grenoble_16_dalles/BDALTIV1_FXX_0910_6440_MNT_20120919_LAMB93_IGN69.asc
ncols        400
nrows        400
xllcorner    909987.50000000
yllcorner    6430012.50000000
cellsize     25.00000000
NODATA_value -99999.00
[rows 155 to 185 of 400, columns 0 to 68 of 400]
696.00 692.00 689.00 686.00 683.00 678.00 674.00 669.00 665.00 661.00 658.00 655.00 653.00 651.00 650.00 648.00 646.00 644.00 641.00 640.00 639.00 639.00 639.00 639.00 639.00 639.00 639.00 639.00 639.00 638.00 638.00 639.00 639.00 640.00 641.00 641.00 642.00 639.00 627.00 614.00 603.00 594.00 587.00 581.00 576.00 572.00 567.00 562.00 555.00 549.00 543.00 537.00 531.00 525.00 518.00 510.00 503.00 497.00 490.00 481.00 469.00 456.00 444.00 434.00 424.00 410.00 390.00 368.00 362.00
693.00 690.00 687.00 685.00 681.00 677.00 673.00 669.00 665.00 661.00 658.00 656.00 654.00 652.00 650.00 648.00 646.00 643.00 641.00 640.00 640.00 641.00 641.00 641.00 641.00 641.00 641.00 641.00 641.00 641.00 641.00 641.00 641.00 642.00 642.00 642.00 641.00 637.00 626.00 613.00 602.00 593.00 585.00 579.00 574.00 570.00 565.00 559.00 552.00 547.00 541.00 535.00 529.00 523.00 517.00 510.00 503.00 496.00 490.00 483.00 471.00 459.00 447.00 435.00 424.00 410.00 390.00 369.00 362.00
691.00 688.00 686.00 683.00 680.00 676.00 672.00 668.00 665.00 662.00 659.00 656.00 654.00 652.00 650.00 648.00 646.00 643.00 641.00 641.00 641.00 642.00 642.00 643.00 643.00 643.00 643.00 643.00 643.00 643.00 643.00 643.00 643.00 643.00 643.00 643.00 641.00 635.00 623.00 612.00 600.00 591.00 583.00 576.00 571.00 566.00 560.00 554.00 548.00 542.00 538.00 533.00 527.00 521.00 515.00 508.00 501.00 494.00 487.00 480.00 469.00 457.00 446.00 435.00 423.00 408.00 387.00 368.00 362.00
690.00 687.00 684.00 681.00 678.00 675.00 672.00 669.00 665.00 662.00 659.00 657.00 655.00 653.00 651.00 649.00 647.00 645.00 643.00 642.00 643.00 643.00 644.00 645.00 645.00 645.00 645.00 645.00 645.00 645.00 646.00 646.00 646.00 646.00 645.00 644.00 642.00 633.00 621.00 609.00 598.00 588.00 580.00 573.00 566.00 561.00 554.00 547.00 541.00 536.00 533.00 529.00 524.00 518.00 512.00 505.00 498.00 490.00 482.00 474.00 464.00 453.00 442.00 432.00 420.00 401.00 379.00 364.00 362.00
689.00 686.00 683.00 680.00 677.00 675.00 672.00 669.00 666.00 663.00 660.00 658.00 657.00 655.00 653.00 650.00 648.00 646.00 645.00 644.00 645.00 645.00 646.00 646.00 647.00 647.00 647.00 647.00 647.00 648.00 648.00 649.00 649.00 648.00 647.00 645.00 642.00 633.00 619.00 606.00 595.00 585.00 576.00 569.00 562.00 555.00 547.00 539.00 532.00 528.00 525.00 522.00 519.00 514.00 509.00 503.00 495.00 487.00 478.00 469.00 459.00 449.00 439.00 430.00 417.00 397.00 374.00 362.00 362.00
689.00 686.00 683.00 680.00 678.00 675.00 673.00 670.00 667.00 664.00 662.00 660.00 658.00 656.00 654.00 652.00 650.00 648.00 647.00 647.00 647.00 647.00 648.00 648.00 648.00 649.00 649.00 649.00 649.00 650.00 651.00 651.00 651.00 651.00 649.00 647.00 642.00 632.00 618.00 604.00 593.00 583.00 573.00 565.00 557.00 550.00 542.00 533.00 525.00 519.00 515.00 513.00 511.00 509.00 505.00 501.00 494.00 485.00 476.00 466.00 455.00 445.00 437.00 428.00 415.00 394.00 371.00 362.00 362.00
689.00 687.00 684.00 681.00 679.00 676.00 674.00 671.00 668.00 665.00 663.00 662.00 660.00 658.00 655.00 653.00 652.00 650.00 650.00 649.00 650.00 650.00 650.00 650.00 650.00 650.00 650.00 651.00 651.00 652.00 653.00 653.00 654.00 653.00 652.00 648.00 643.00 633.00 618.00 604.00 592.00 581.00 571.00 562.00 554.00 546.00 538.00 529.00 520.00 511.00 505.00 501.00 500.00 501.00 500.00 497.00 492.00 485.00 475.00 465.00 454.00 443.00 435.00 427.00 412.00 388.00 366.00 362.00 362.00
690.00 688.00 686.00 684.00 681.00 678.00 675.00 672.00 669.00 667.00 665.00 663.00 661.00 659.00 656.00 655.00 653.00 653.00 652.00 652.00 652.00 652.00 652.00 652.00 652.00 652.00 652.00 652.00 652.00 653.00 654.00 655.00 655.00 655.00 653.00 650.00 643.00 632.00 618.00 604.00 591.00 580.00 570.00 560.00 552.00 544.00 536.00 527.00 517.00 506.00 496.00 490.00 489.00 491.00 493.00 492.00 489.00 483.00 475.00 464.00 453.00 444.00 435.00 424.00 407.00 383.00 362.00 362.00 362.00
692.00 690.00 687.00 686.00 684.00 681.00 677.00 674.00 670.00 668.00 666.00 664.00 662.00 659.00 657.00 656.00 655.00 655.00 654.00 655.00 655.00 655.00 655.00 655.00 654.00 654.00 653.00 653.00 654.00 654.00 655.00 656.00 656.00 655.00 653.00 650.00 642.00 630.00 616.00 602.00 590.00 579.00 569.00 559.00 550.00 542.00 533.00 525.00 514.00 503.00 491.00 482.00 479.00 481.00 483.00 482.00 480.00 476.00 470.00 461.00 452.00 443.00 433.00 421.00 403.00 380.00 362.00 362.00 362.00
694.00 691.00 689.00 687.00 685.00 683.00 680.00 675.00 672.00 669.00 667.00 666.00 663.00 661.00 659.00 657.00 657.00 656.00 657.00 657.00 657.00 658.00 657.00 657.00 656.00 655.00 654.00 654.00 655.00 655.00 656.00 656.00 655.00 653.00 651.00 647.00 638.00 625.00 612.00 599.00 588.00 577.00 567.00 558.00 549.00 540.00 532.00 523.00 513.00 502.00 491.00 481.00 474.00 471.00 471.00 469.00 467.00 464.00 461.00 455.00 448.00 439.00 429.00 417.00 399.00 376.00 362.00 362.00 362.00
696.00 693.00 690.00 688.00 686.00 684.00 681.00 676.00 673.00 671.00 669.00 667.00 665.00 663.00 660.00 659.00 658.00 658.00 658.00 659.00 660.00 660.00 660.00 659.00 658.00 657.00 656.00 655.00 655.00 656.00 655.00 654.00 652.00 650.00 645.00 639.00 630.00 618.00 606.00 595.00 585.00 575.00 566.00 557.00 548.00 540.00 531.00 522.00 512.00 502.00 493.00 484.00 475.00 466.00 460.00 456.00 453.00 451.00 449.00 446.00 440.00 431.00 423.00 410.00 389.00 367.00 362.00 362.00 362.00
697.00 694.00 691.00 689.00 688.00 686.00 684.00 679.00 677.00 674.00 672.00 670.00 667.00 664.00 662.00 660.00 659.00 660.00 660.00 661.00 661.00 662.00 662.00 661.00 660.00 658.00 657.00 656.00 656.00 656.00 654.00 651.00 648.00 644.00 638.00 630.00 620.00 610.00 600.00 591.00 582.00 573.00 564.00 556.00 548.00 539.00 530.00 521.00 513.00 504.00 496.00 488.00 479.00 468.00 457.00 449.00 443.00 439.00 437.00 433.00 425.00 418.00 412.00 402.00 380.00 363.00 362.00 362.00 362.00
698.00 695.00 693.00 691.00 691.00 691.00 692.00 688.00 683.00 678.00 675.00 672.00 669.00 666.00 663.00 662.00 660.00 661.00 661.00 662.00 663.00 664.00 664.00 663.00 662.00 660.00 658.00 657.00 658.00 657.00 652.00 647.00 642.00 637.00 629.00 619.00 610.00 601.00 593.00 586.00 579.00 571.00 563.00 556.00 548.00 540.00 530.00 522.00 514.00 507.00 499.00 492.00 483.00 472.00 461.00 450.00 441.00 433.00 426.00 418.00 409.00 401.00 396.00 386.00 370.00 363.00 362.00 362.00 362.00
699.00 696.00 695.00 696.00 698.00 701.00 704.00 701.00 692.00 685.00 679.00 674.00 670.00 667.00 665.00 663.00 661.00 661.00 662.00 664.00 665.00 666.00 666.00 665.00 664.00 662.00 661.00 659.00 660.00 657.00 650.00 642.00 634.00 627.00 618.00 609.00 601.00 593.00 587.00 581.00 576.00 570.00 563.00 556.00 549.00 541.00 532.00 524.00 517.00 510.00 503.00 495.00 486.00 476.00 466.00 455.00 444.00 435.00 425.00 418.00 410.00 400.00 387.00 371.00 363.00 362.00 362.00 362.00 362.00
701.00 697.00 698.00 703.00 710.00 715.00 718.00 714.00 701.00 689.00 681.00 675.00 671.00 668.00 666.00 664.00 662.00 663.00 664.00 665.00 666.00 667.00 668.00 667.00 666.00 665.00 663.00 662.00 659.00 653.00 644.00 635.00 626.00 618.00 609.00 601.00 593.00 587.00 581.00 577.00 573.00 569.00 564.00 557.00 550.00 542.00 534.00 528.00 521.00 513.00 506.00 498.00 489.00 480.00 470.00 459.00 449.00 440.00 431.00 424.00 416.00 404.00 384.00 367.00 362.00 362.00 362.00 362.00 362.00
703.00 700.00 704.00 713.00 721.00 726.00 726.00 719.00 704.00 692.00 683.00 676.00 672.00 669.00 666.00 665.00 664.00 664.00 665.00 667.00 668.00 669.00 670.00 670.00 669.00 667.00 665.00 662.00 655.00 645.00 635.00 626.00 618.00 609.00 601.00 594.00 587.00 581.00 577.00 573.00 570.00 567.00 563.00 557.00 550.00 543.00 536.00 530.00 523.00 516.00 508.00 500.00 492.00 482.00 473.00 463.00 453.00 444.00 435.00 428.00 419.00 403.00 379.00 364.00 362.00 362.00 362.00 362.00 362.00
706.00 706.00 713.00 723.00 730.00 732.00 729.00 718.00 703.00 692.00 683.00 677.00 673.00 670.00 668.00 666.00 666.00 666.00 667.00 669.00 670.00 671.00 672.00 672.00 671.00 669.00 665.00 658.00 648.00 636.00 627.00 618.00 610.00 602.00 595.00 588.00 582.00 577.00 572.00 569.00 566.00 564.00 560.00 555.00 549.00 542.00 536.00 530.00 524.00 518.00 510.00 502.00 493.00 485.00 475.00 465.00 455.00 446.00 437.00 428.00 416.00 398.00 375.00 363.00 362.00 362.00 362.00 362.00 362.00
709.00 714.00 723.00 731.00 736.00 736.00 729.00 716.00 702.00 692.00 684.00 678.00 674.00 671.00 669.00 668.00 668.00 668.00 669.00 671.00 672.00 673.00 674.00 674.00 672.00 669.00 663.00 653.00 641.00 630.00 620.00 611.00 603.00 596.00 590.00 584.00 578.00 573.00 569.00 565.00 561.00 559.00 556.00 552.00 547.00 541.00 535.00 529.00 524.00 517.00 510.00 503.00 495.00 486.00 477.00 467.00 456.00 445.00 435.00 427.00 414.00 394.00 373.00 362.00 362.00 362.00 362.00 362.00 362.00
713.00 722.00 732.00 740.00 742.00 738.00 728.00 714.00 701.00 692.00 684.00 678.00 675.00 672.00 671.00 670.00 670.00 671.00 671.00 673.00 674.00 675.00 675.00 674.00 672.00 667.00 658.00 647.00 635.00 625.00 615.00 606.00 598.00 591.00 585.00 580.00 575.00 571.00 566.00 562.00 558.00 555.00 552.00 548.00 543.00 538.00 533.00 528.00 522.00 516.00 510.00 502.00 495.00 486.00 477.00 467.00 457.00 446.00 435.00 425.00 411.00 391.00 371.00 362.00 362.00 362.00 362.00 362.00 362.00
719.00 730.00 743.00 749.00 747.00 738.00 726.00 712.00 700.00 692.00 685.00 680.00 677.00 674.00 673.00 672.00 672.00 673.00 674.00 675.00 676.00 676.00 676.00 674.00 670.00 663.00 652.00 640.00 629.00 620.00 611.00 602.00 594.00 587.00 582.00 577.00 573.00 568.00 563.00 558.00 554.00 550.00 546.00 543.00 539.00 534.00 529.00 524.00 519.00 514.00 507.00 501.00 493.00 485.00 476.00 467.00 457.00 447.00 437.00 423.00 403.00 380.00 366.00 362.00 362.00 362.00 362.00 362.00 362.00
726.00 739.00 752.00 757.00 750.00 737.00 722.00 709.00 699.00 691.00 686.00 682.00 679.00 676.00 675.00 674.00 674.00 675.00 675.00 677.00 677.00 678.00 677.00 673.00 667.00 657.00 645.00 633.00 622.00 614.00 606.00 598.00 590.00 584.00 579.00 574.00 570.00 565.00 560.00 554.00 549.00 545.00 541.00 537.00 534.00 530.00 525.00 520.00 515.00 510.00 504.00 498.00 491.00 483.00 474.00 464.00 455.00 446.00 435.00 419.00 392.00 368.00 363.00 362.00 362.00 362.00 362.00 362.00 362.00
734.00 748.00 759.00 760.00 750.00 734.00 718.00 706.00 697.00 691.00 687.00 683.00 680.00 678.00 677.00 676.00 676.00 676.00 677.00 678.00 679.00 679.00 677.00 671.00 663.00 650.00 638.00 626.00 615.00 607.00 600.00 593.00 586.00 580.00 575.00 571.00 567.00 562.00 556.00 550.00 544.00 538.00 535.00 532.00 528.00 524.00 519.00 514.00 509.00 504.00 499.00 494.00 488.00 480.00 471.00 461.00 451.00 440.00 428.00 408.00 382.00 363.00 362.00 362.00 362.00 362.00 362.00 362.00 362.00
741.00 754.00 762.00 759.00 747.00 730.00 715.00 703.00 695.00 690.00 686.00 684.00 681.00 679.00 678.00 677.00 677.00 678.00 679.00 680.00 681.00 680.00 677.00 669.00 658.00 646.00 634.00 621.00 610.00 600.00 594.00 587.00 580.00 575.00 571.00 567.00 563.00 558.00 551.00 544.00 537.00 532.00 528.00 525.00 522.00 518.00 513.00 508.00 503.00 498.00 493.00 488.00 483.00 476.00 466.00 456.00 446.00 434.00 415.00 390.00 370.00 362.00 362.00 362.00 362.00 362.00 362.00 362.00 362.00
747.00 759.00 763.00 756.00 742.00 725.00 711.00 700.00 693.00 689.00 686.00 684.00 682.00 680.00 679.00 678.00 679.00 680.00 681.00 682.00 682.00 681.00 677.00 667.00 655.00 643.00 631.00 619.00 608.00 597.00 589.00 581.00 574.00 569.00 565.00 561.00 557.00 552.00 545.00 538.00 531.00 525.00 521.00 517.00 514.00 510.00 505.00 500.00 495.00 491.00 486.00 481.00 476.00 469.00 460.00 451.00 440.00 426.00 402.00 374.00 364.00 362.00 362.00 362.00 362.00 362.00 362.00 362.00 362.00
752.00 761.00 761.00 752.00 736.00 720.00 707.00 698.00 692.00 688.00 685.00 684.00 682.00 680.00 679.00 679.00 680.00 681.00 683.00 684.00 684.00 681.00 675.00 664.00 652.00 640.00 629.00 618.00 608.00 597.00 586.00 576.00 568.00 563.00 559.00 554.00 550.00 544.00 538.00 531.00 524.00 518.00 513.00 509.00 506.00 501.00 496.00 492.00 488.00 483.00 478.00 473.00 468.00 461.00 453.00 444.00 432.00 415.00 390.00 367.00 363.00 362.00 362.00 362.00 362.00 362.00 362.00 362.00 362.00
755.00 761.00 758.00 746.00 730.00 716.00 704.00 696.00 690.00 687.00 685.00 684.00 682.00 680.00 680.00 680.00 682.00 683.00 684.00 685.00 684.00 680.00 671.00 660.00 648.00 637.00 627.00 618.00 608.00 597.00 585.00 574.00 564.00 557.00 552.00 548.00 542.00 536.00 530.00 525.00 518.00 511.00 506.00 501.00 496.00 492.00 487.00 483.00 479.00 475.00 470.00 465.00 459.00 452.00 444.00 436.00 422.00 400.00 377.00 364.00 362.00 362.00 362.00 362.00 362.00 362.00 362.00 362.00 362.00
758.00 761.00 754.00 739.00 724.00 711.00 702.00 694.00 689.00 686.00 685.00 684.00 682.00 680.00 681.00 682.00 683.00 684.00 685.00 685.00 683.00 678.00 668.00 656.00 645.00 634.00 626.00 617.00 608.00 597.00 586.00 574.00 564.00 556.00 549.00 542.00 534.00 528.00 522.00 517.00 510.00 504.00 498.00 492.00 487.00 482.00 478.00 474.00 470.00 466.00 461.00 456.00 450.00 443.00 437.00 428.00 412.00 389.00 369.00 363.00 362.00 362.00 362.00 362.00 362.00 362.00 362.00 362.00 362.00
759.00 758.00 748.00 733.00 718.00 707.00 699.00 693.00 689.00 686.00 685.00 684.00 682.00 682.00 682.00 683.00 684.00 685.00 685.00 684.00 681.00 674.00 664.00 653.00 642.00 633.00 625.00 616.00 607.00 597.00 586.00 576.00 567.00 559.00 552.00 542.00 533.00 523.00 515.00 509.00 503.00 496.00 489.00 483.00 477.00 472.00 468.00 464.00 460.00 456.00 452.00 447.00 441.00 436.00 429.00 418.00 399.00 377.00 365.00 362.00 362.00 362.00 362.00 362.00 362.00 362.00 362.00 362.00 362.00
758.00 755.00 742.00 727.00 713.00 704.00 697.00 692.00 689.00 687.00 686.00 685.00 684.00 683.00 683.00 684.00 685.00 685.00 684.00 682.00 677.00 670.00 661.00 651.00 641.00 632.00 624.00 615.00 607.00 597.00 588.00 578.00 571.00 564.00 555.00 545.00 534.00 523.00 514.00 504.00 496.00 489.00 480.00 472.00 466.00 462.00 458.00 454.00 451.00 446.00 442.00 437.00 431.00 426.00 418.00 403.00 382.00 367.00 363.00 362.00 362.00 362.00 362.00 362.00 362.00 362.00 362.00 362.00 362.00
755.00 749.00 736.00 721.00 710.00 701.00 695.00 692.00 690.00 688.00 687.00 686.00 685.00 685.00 685.00 685.00 685.00 685.00 683.00 679.00 673.00 665.00 657.00 647.00 639.00 630.00 623.00 615.00 607.00 598.00 589.00 580.00 572.00 565.00 557.00 547.00 536.00 526.00 516.00 506.00 496.00 485.00 473.00 463.00 457.00 452.00 448.00 444.00 440.00 436.00 430.00 424.00 418.00 413.00 403.00 385.00 369.00 363.00 362.00 362.00 362.00 362.00 362.00 362.00 362.00 362.00 362.00 362.00 362.00
750.00 742.00 729.00 715.00 706.00 699.00 695.00 692.00 691.00 690.00 689.00 688.00 687.00 686.00 686.00 685.00 684.00 683.00 680.00 675.00 669.00 661.00 653.00 644.00 636.00 629.00 621.00 614.00 606.00 598.00 590.00 581.00 573.00 564.00 556.00 548.00 539.00 529.00 519.00 510.00 500.00 488.00 474.00 462.00 451.00 444.00 439.00 434.00 430.00 425.00 419.00 411.00 403.00 397.00 385.00 370.00 363.00 362.00 362.00 362.00 362.00 362.00 362.00 362.00 362.00 362.00 362.00 362.00 362.00
