ressources/models/Grenoble_16_dalles/BDALTIV1_FXX_0920_6460_MNT_20120919_LAMB93_IGN69.asc
ncols        400
nrows        400
xllcorner    919987.50000000
yllcorner    6450012.50000000
cellsize     25.00000000
NODATA_value -99999.00
[rows 0 to 30 of 400, columns 69 to 137 of 400]
217.00 217.00 217.00 217.00 218.00 218.00 219.00 219.00 219.00 219.00 219.00 219.00 219.00 219.00 219.00 220.00 220.00 221.00 221.00 222.00 223.00 223.00 224.00 224.00 225.00 225.00 226.00 227.00 227.00 228.00 229.00 230.00 231.00 231.00 232.00 233.00 234.00 235.00 235.00 235.00 236.00 236.00 236.00 236.00 237.00 237.00 238.00 239.00 240.00 241.00 242.00 242.00 241.00 240.00 240.00 239.00 239.00 238.00 237.00 237.00 237.00 239.00 241.00 244.00 250.00 258.00 266.00 273.00 280.00
217.00 217.00 217.00 218.00 218.00 218.00 219.00 219.00 219.00 219.00 219.00 219.00 219.00 219.00 220.00 220.00 221.00 221.00 222.00 222.00 223.00 224.00 224.00 225.00 225.00 226.00 226.00 227.00 228.00 228.00 229.00 230.00 230.00 231.00 233.00 234.00 234.00 235.00 235.00 236.00 236.00 236.00 236.00 237.00 237.00 238.00 239.00 241.00 242.00 243.00 244.00 244.00 244.00 243.00 243.00 242.00 241.00 240.00 240.00 241.00 242.00 245.00 250.00 256.00 263.00 271.00 279.00 287.00 295.00
217.00 218.00 218.00 218.00 218.00 219.00 219.00 219.00 219.00 219.00 219.00 219.00 219.00 219.00 220.00 221.00 221.00 222.00 222.00 223.00 223.00 224.00 225.00 225.00 226.00 226.00 227.00 227.00 228.00 228.00 229.00 230.00 231.00 232.00 233.00 234.00 235.00 235.00 236.00 236.00 236.00 236.00 237.00 237.00 238.00 239.00 241.00 243.00 244.00 246.00 247.00 247.00 247.00 247.00 247.00 246.00 245.00 245.00 246.00 247.00 250.00 255.00 262.00 269.00 277.00 285.00 293.00 301.00 310.00
218.00 218.00 218.00 218.00 219.00 219.00 219.00 219.00 219.00 219.00 219.00 219.00 219.00 219.00 220.00 221.00 222.00 222.00 223.00 223.00 224.00 224.00 225.00 226.00 226.00 227.00 227.00 228.00 228.00 229.00 229.00 230.00 231.00 232.00 233.00 234.00 235.00 236.00 236.00 236.00 236.00 237.00 237.00 238.00 239.00 240.00 243.00 245.00 247.00 249.00 250.00 251.00 251.00 251.00 251.00 251.00 251.00 251.00 253.00 256.00 261.00 268.00 276.00 284.00 291.00 299.00 307.00 317.00 326.00
218.00 218.00 218.00 219.00 219.00 219.00 219.00 219.00 219.00 219.00 219.00 219.00 219.00 220.00 221.00 221.00 222.00 222.00 223.00 224.00 224.00 225.00 225.00 226.00 227.00 227.00 228.00 228.00 229.00 229.00 230.00 230.00 231.00 232.00 233.00 234.00 235.00 236.00 236.00 236.00 237.00 237.00 237.00 238.00 240.00 242.00 245.00 247.00 250.00 252.00 253.00 254.00 254.00 255.00 255.00 256.00 257.00 259.00 262.00 266.00 273.00 282.00 290.00 298.00 306.00 315.00 324.00 334.00 343.00
218.00 219.00 219.00 219.00 219.00 219.00 219.00 219.00 219.00 219.00 219.00 219.00 219.00 220.00 221.00 221.00 222.00 223.00 223.00 224.00 224.00 225.00 226.00 226.00 227.00 228.00 228.00 229.00 229.00 230.00 230.00 231.00 232.00 232.00 233.00 234.00 235.00 236.00 236.00 237.00 237.00 237.00 238.00 239.00 241.00 244.00 247.00 250.00 252.00 254.00 256.00 257.00 257.00 258.00 259.00 261.00 264.00 267.00 272.00 278.00 287.00 297.00 306.00 315.00 324.00 334.00 344.00 353.00 363.00
219.00 219.00 219.00 219.00 219.00 219.00 219.00 219.00 219.00 219.00 219.00 219.00 219.00 219.00 220.00 221.00 222.00 223.00 223.00 224.00 224.00 225.00 226.00 226.00 227.00 228.00 229.00 230.00 230.00 230.00 231.00 231.00 232.00 233.00 233.00 234.00 235.00 236.00 237.00 237.00 238.00 238.00 239.00 240.00 243.00 246.00 249.00 252.00 254.00 256.00 258.00 259.00 260.00 261.00 263.00 266.00 270.00 275.00 282.00 292.00 302.00 312.00 322.00 333.00 344.00 354.00 364.00 373.00 382.00
219.00 219.00 219.00 219.00 219.00 219.00 219.00 219.00 219.00 219.00 219.00 219.00 219.00 219.00 220.00 221.00 222.00 223.00 223.00 224.00 224.00 225.00 226.00 226.00 227.00 228.00 229.00 230.00 231.00 231.00 232.00 232.00 232.00 233.00 233.00 234.00 235.00 236.00 237.00 238.00 238.00 239.00 240.00 242.00 245.00 248.00 251.00 254.00 256.00 258.00 260.00 261.00 262.00 263.00 265.00 268.00 274.00 282.00 292.00 304.00 316.00 328.00 339.00 351.00 363.00 373.00 382.00 390.00 399.00
219.00 219.00 219.00 219.00 219.00 219.00 219.00 219.00 219.00 219.00 219.00 219.00 219.00 219.00 220.00 221.00 222.00 222.00 223.00 224.00 224.00 225.00 226.00 226.00 227.00 228.00 229.00 230.00 230.00 231.00 232.00 232.00 232.00 233.00 233.00 234.00 235.00 236.00 237.00 238.00 239.00 241.00 242.00 244.00 247.00 249.00 252.00 255.00 258.00 260.00 262.00 263.00 263.00 264.00 265.00 269.00 276.00 285.00 297.00 312.00 326.00 340.00 353.00 367.00 379.00 389.00 397.00 405.00 412.00
219.00 219.00 219.00 219.00 219.00 219.00 219.00 219.00 219.00 219.00 219.00 219.00 219.00 219.00 220.00 220.00 221.00 222.00 223.00 224.00 225.00 225.00 226.00 226.00 227.00 228.00 229.00 229.00 230.00 230.00 230.00 231.00 232.00 232.00 233.00 234.00 235.00 236.00 237.00 238.00 240.00 242.00 244.00 246.00 248.00 250.00 253.00 257.00 260.00 262.00 264.00 265.00 265.00 264.00 264.00 267.00 273.00 283.00 297.00 314.00 331.00 346.00 362.00 379.00 393.00 403.00 411.00 417.00 421.00
219.00 219.00 219.00 219.00 219.00 219.00 219.00 219.00 219.00 219.00 219.00 219.00 219.00 219.00 220.00 220.00 221.00 222.00 223.00 224.00 225.00 225.00 226.00 227.00 227.00 228.00 228.00 229.00 229.00 229.00 229.00 230.00 231.00 232.00 233.00 234.00 235.00 236.00 237.00 238.00 239.00 241.00 243.00 245.00 247.00 250.00 254.00 259.00 263.00 265.00 267.00 267.00 267.00 265.00 263.00 265.00 270.00 278.00 292.00 311.00 329.00 348.00 367.00 387.00 403.00 414.00 421.00 426.00 429.00
219.00 219.00 219.00 219.00 219.00 219.00 219.00 219.00 219.00 219.00 219.00 219.00 219.00 219.00 219.00 220.00 221.00 222.00 223.00 224.00 225.00 226.00 226.00 227.00 227.00 228.00 228.00 228.00 228.00 229.00 229.00 230.00 231.00 232.00 233.00 234.00 235.00 236.00 237.00 238.00 238.00 239.00 240.00 242.00 244.00 249.00 255.00 262.00 267.00 270.00 271.00 271.00 270.00 267.00 263.00 262.00 267.00 275.00 288.00 306.00 326.00 346.00 367.00 390.00 408.00 420.00 428.00 432.00 434.00
219.00 219.00 219.00 219.00 219.00 219.00 219.00 219.00 219.00 219.00 219.00 219.00 219.00 219.00 220.00 220.00 221.00 222.00 223.00 224.00 225.00 226.00 226.00 227.00 227.00 227.00 228.00 228.00 228.00 228.00 229.00 230.00 231.00 232.00 233.00 234.00 235.00 236.00 236.00 237.00 237.00 238.00 238.00 240.00 244.00 250.00 257.00 265.00 272.00 276.00 277.00 277.00 274.00 269.00 264.00 261.00 264.00 272.00 284.00 302.00 322.00 342.00 364.00 389.00 409.00 423.00 432.00 436.00 439.00
219.00 219.00 219.00 219.00 219.00 219.00 219.00 219.00 219.00 219.00 219.00 219.00 219.00 220.00 220.00 220.00 221.00 222.00 223.00 224.00 225.00 226.00 227.00 227.00 227.00 227.00 227.00 227.00 228.00 228.00 229.00 230.00 231.00 232.00 233.00 234.00 235.00 236.00 236.00 236.00 237.00 237.00 238.00 241.00 246.00 253.00 261.00 269.00 277.00 284.00 287.00 285.00 280.00 273.00 266.00 262.00 262.00 268.00 279.00 297.00 318.00 338.00 360.00 385.00 408.00 423.00 433.00 438.00 442.00
219.00 219.00 219.00 219.00 219.00 219.00 219.00 219.00 219.00 219.00 219.00 219.00 220.00 220.00 220.00 221.00 222.00 223.00 224.00 225.00 226.00 226.00 227.00 227.00 227.00 227.00 227.00 227.00 227.00 228.00 229.00 230.00 231.00 232.00 233.00 234.00 235.00 235.00 235.00 236.00 236.00 237.00 239.00 244.00 251.00 259.00 267.00 276.00 285.00 294.00 298.00 296.00 288.00 278.00 270.00 263.00 259.00 263.00 275.00 293.00 315.00 335.00 357.00 381.00 405.00 420.00 430.00 438.00 444.00
219.00 219.00 219.00 219.00 219.00 219.00 219.00 219.00 219.00 219.00 220.00 220.00 220.00 220.00 221.00 222.00 223.00 224.00 225.00 225.00 226.00 226.00 227.00 227.00 227.00 227.00 227.00 227.00 227.00 228.00 229.00 230.00 231.00 232.00 233.00 234.00 234.00 235.00 235.00 235.00 237.00 239.00 242.00 249.00 257.00 266.00 275.00 285.00 295.00 305.00 311.00 308.00 297.00 285.00 274.00 265.00 258.00 259.00 270.00 288.00 310.00 332.00 352.00 375.00 397.00 414.00 425.00 433.00 441.00
219.00 219.00 219.00 219.00 219.00 219.00 219.00 219.00 219.00 219.00 220.00 220.00 220.00 221.00 221.00 222.00 223.00 224.00 225.00 226.00 226.00 227.00 227.00 227.00 227.00 226.00 227.00 227.00 227.00 228.00 229.00 230.00 231.00 232.00 233.00 233.00 234.00 234.00 234.00 235.00 238.00 241.00 247.00 255.00 264.00 274.00 284.00 294.00 305.00 315.00 321.00 318.00 307.00 292.00 279.00 268.00 260.00 256.00 264.00 282.00 304.00 326.00 345.00 363.00 384.00 403.00 416.00 425.00 434.00
219.00 219.00 219.00 219.00 219.00 219.00 219.00 219.00 219.00 219.00 219.00 220.00 221.00 221.00 222.00 223.00 224.00 225.00 226.00 226.00 227.00 227.00 227.00 227.00 226.00 226.00 226.00 227.00 227.00 227.00 228.00 230.00 231.00 232.00 232.00 233.00 233.00 233.00 234.00 236.00 238.00 244.00 252.00 262.00 272.00 282.00 292.00 303.00 314.00 324.00 329.00 326.00 315.00 300.00 284.00 272.00 263.00 256.00 259.00 274.00 294.00 317.00 336.00 350.00 367.00 386.00 402.00 414.00 424.00
219.00 219.00 219.00 219.00 219.00 219.00 219.00 219.00 219.00 219.00 219.00 220.00 221.00 222.00 223.00 224.00 225.00 226.00 227.00 227.00 227.00 227.00 227.00 227.00 227.00 226.00 226.00 227.00 227.00 228.00 228.00 230.00 230.00 231.00 232.00 232.00 233.00 233.00 235.00 237.00 241.00 248.00 259.00 269.00 280.00 291.00 301.00 312.00 323.00 331.00 335.00 332.00 323.00 308.00 292.00 278.00 267.00 258.00 258.00 268.00 284.00 305.00 324.00 338.00 352.00 367.00 384.00 399.00 411.00
219.00 219.00 219.00 219.00 219.00 219.00 219.00 219.00 219.00 219.00 219.00 220.00 221.00 222.00 224.00 225.00 226.00 227.00 227.00 228.00 228.00 228.00 228.00 227.00 227.00 227.00 227.00 227.00 227.00 228.00 229.00 229.00 230.00 231.00 231.00 232.00 232.00 234.00 236.00 240.00 246.00 255.00 267.00 279.00 290.00 300.00 310.00 322.00 332.00 340.00 342.00 338.00 329.00 316.00 300.00 284.00 272.00 263.00 260.00 264.00 274.00 290.00 308.00 325.00 338.00 351.00 366.00 382.00 397.00
219.00 219.00 219.00 219.00 219.00 219.00 219.00 219.00 219.00 219.00 219.00 220.00 221.00 223.00 224.00 225.00 226.00 227.00 228.00 228.00 228.00 228.00 228.00 228.00 227.00 227.00 227.00 227.00 227.00 228.00 229.00 230.00 230.00 231.00 231.00 232.00 233.00 235.00 239.00 245.00 254.00 264.00 277.00 289.00 300.00 311.00 321.00 332.00 342.00 349.00 350.00 345.00 337.00 324.00 309.00 292.00 279.00 269.00 264.00 263.00 267.00 275.00 290.00 308.00 324.00 338.00 352.00 366.00 381.00
219.00 219.00 219.00 219.00 219.00 219.00 219.00 219.00 219.00 219.00 219.00 220.00 221.00 223.00 224.00 226.00 227.00 228.00 228.00 229.00 229.00 229.00 228.00 228.00 228.00 228.00 227.00 227.00 228.00 228.00 229.00 230.00 230.00 231.00 231.00 232.00 234.00 238.00 244.00 253.00 263.00 275.00 289.00 301.00 313.00 323.00 333.00 343.00 352.00 359.00 359.00 354.00 346.00 334.00 319.00 302.00 287.00 277.00 270.00 266.00 265.00 267.00 275.00 290.00 307.00 324.00 338.00 352.00 367.00
219.00 219.00 219.00 219.00 219.00 219.00 219.00 219.00 219.00 218.00 219.00 219.00 220.00 222.00 224.00 226.00 227.00 228.00 229.00 229.00 229.00 229.00 229.00 229.00 228.00 228.00 228.00 228.00 228.00 228.00 229.00 230.00 231.00 231.00 232.00 233.00 237.00 243.00 252.00 263.00 275.00 289.00 303.00 315.00 325.00 336.00 345.00 355.00 364.00 370.00 372.00 367.00 357.00 345.00 331.00 315.00 300.00 288.00 279.00 272.00 268.00 265.00 267.00 275.00 289.00 307.00 324.00 339.00 354.00
219.00 219.00 219.00 219.00 219.00 219.00 219.00 219.00 219.00 219.00 219.00 219.00 220.00 222.00 224.00 225.00 227.00 228.00 229.00 229.00 230.00 230.00 229.00 229.00 229.00 229.00 228.00 228.00 228.00 229.00 229.00 230.00 231.00 231.00 233.00 236.00 242.00 251.00 263.00 276.00 290.00 304.00 317.00 328.00 338.00 348.00 357.00 366.00 374.00 382.00 387.00 383.00 372.00 359.00 345.00 330.00 315.00 302.00 290.00 281.00 275.00 269.00 266.00 268.00 276.00 289.00 306.00 324.00 340.00
219.00 219.00 219.00 219.00 219.00 219.00 219.00 219.00 219.00 219.00 218.00 219.00 219.00 220.00 222.00 224.00 226.00 228.00 229.00 229.00 230.00 230.00 230.00 230.00 230.00 229.00 229.00 229.00 228.00 229.00 229.00 230.00 231.00 232.00 235.00 241.00 250.00 262.00 276.00 291.00 306.00 319.00 331.00 341.00 350.00 359.00 367.00 376.00 385.00 394.00 401.00 401.00 391.00 377.00 361.00 346.00 332.00 318.00 305.00 294.00 284.00 276.00 269.00 267.00 270.00 277.00 289.00 306.00 323.00
219.00 219.00 219.00 219.00 219.00 219.00 219.00 219.00 219.00 219.00 219.00 218.00 218.00 219.00 220.00 223.00 225.00 227.00 228.00 229.00 229.00 230.00 230.00 230.00 230.00 230.00 229.00 229.00 229.00 229.00 229.00 230.00 231.00 234.00 239.00 249.00 261.00 276.00 291.00 306.00 320.00 333.00 343.00 352.00 361.00 369.00 377.00 385.00 396.00 407.00 418.00 421.00 412.00 395.00 378.00 363.00 349.00 335.00 322.00 310.00 299.00 288.00 278.00 272.00 270.00 271.00 277.00 289.00 304.00
219.00 219.00 219.00 219.00 219.00 219.00 219.00 219.00 219.00 219.00 219.00 218.00 218.00 218.00 219.00 220.00 223.00 225.00 226.00 228.00 229.00 229.00 230.00 230.00 230.00 230.00 230.00 229.00 229.00 229.00 229.00 230.00 233.00 238.00 247.00 260.00 276.00 292.00 307.00 321.00 333.00 345.00 354.00 362.00 370.00 378.00 387.00 396.00 408.00 422.00 434.00 440.00 434.00 417.00 397.00 381.00 367.00 353.00 340.00 329.00 317.00 305.00 292.00 282.00 275.00 271.00 272.00 278.00 288.00
219.00 219.00 219.00 219.00 219.00 219.00 219.00 219.00 219.00 219.00 219.00 219.00 218.00 218.00 218.00 219.00 220.00 222.00 223.00 225.00 227.00 228.00 229.00 230.00 230.00 230.00 230.00 229.00 229.00 229.00 230.00 232.00 236.00 246.00 260.00 276.00 292.00 308.00 322.00 333.00 344.00 354.00 363.00 370.00 378.00 387.00 397.00 409.00 423.00 437.00 450.00 456.00 453.00 442.00 423.00 404.00 389.00 374.00 361.00 349.00 338.00 326.00 312.00 298.00 286.00 277.00 272.00 273.00 278.00
218.00 219.00 219.00 219.00 219.00 219.00 219.00 219.00 219.00 219.00 219.00 219.00 218.00 218.00 218.00 218.00 218.00 219.00 220.00 222.00 224.00 227.00 228.00 229.00 230.00 230.00 230.00 229.00 229.00 230.00 231.00 236.00 245.00 260.00 275.00 293.00 309.00 323.00 334.00 343.00 352.00 361.00 370.00 378.00 386.00 397.00 409.00 423.00 437.00 452.00 464.00 471.00 468.00 460.00 447.00 433.00 417.00 401.00 386.00 373.00 361.00 349.00 336.00 320.00 303.00 289.00 278.00 274.00 275.00
218.00 218.00 218.00 219.00 219.00 219.00 219.00 219.00 219.00 219.00 219.00 219.00 219.00 219.00 218.00 218.00 218.00 218.00 218.00 220.00 222.00 225.00 227.00 229.00 230.00 230.00 230.00 230.00 230.00 231.00 234.00 244.00 258.00 275.00 292.00 310.00 324.00 335.00 344.00 352.00 359.00 368.00 376.00 385.00 396.00 408.00 422.00 437.00 451.00 464.00 476.00 482.00 480.00 472.00 463.00 453.00 441.00 427.00 413.00 399.00 386.00 373.00 358.00 342.00 324.00 307.00 291.00 280.00 274.00
218.00 218.00 218.00 218.00 219.00 219.00 219.00 219.00 219.00 219.00 219.00 219.00 219.00 219.00 218.00 218.00 218.00 217.00 218.00 219.00 221.00 223.00 226.00 228.00 229.00 230.00 231.00 231.00 233.00 236.00 243.00 257.00 274.00 290.00 306.00 322.00 335.00 344.00 352.00 360.00 367.00 375.00 384.00 394.00 407.00 422.00 437.00 451.00 464.00 477.00 487.00 493.00 491.00 485.00 475.00 466.00 458.00 447.00 435.00 423.00 408.00 391.00 374.00 358.00 341.00 323.00 305.00 288.00 276.00
