ressources/models/Grenoble_16_dalles/BDALTIV1_FXX_0920_6460_MNT_20120919_LAMB93_IGN69.asc
ncols        400
nrows        400
xllcorner    919987.50000000
yllcorner    6450012.50000000
cellsize     25.00000000
NODATA_value -99999.00
[rows 310 to 340 of 400, columns 138 to 206 of 400]
664.00 670.00 677.00 686.00 697.00 706.00 712.00 719.00 726.00 735.00 743.00 751.00 759.00 767.00 776.00 784.00 793.00 804.00 815.00 826.00 836.00 845.00 853.00 862.00 874.00 887.00 899.00 911.00 921.00 929.00 936.00 942.00 948.00 955.00 964.00 974.00 985.00 996.00 1006.00 1016.00 1025.00 1033.00 1043.00 1056.00 1070.00 1083.00 1092.00 1100.00 1107.00 1112.00 1117.00 1122.00 1125.00 1129.00 1132.00 1136.00 1140.00 1146.00 1153.00 1161.00 1167.00 1174.00 1180.00 1187.00 1194.00 1203.00 1211.00 1219.00 1227.00
666.00 673.00 681.00 692.00 704.00 713.00 717.00 721.00 728.00 736.00 745.00 753.00 761.00 769.00 776.00 784.00 793.00 804.00 815.00 827.00 838.00 846.00 853.00 862.00 873.00 886.00 899.00 910.00 921.00 929.00 936.00 942.00 948.00 955.00 964.00 974.00 985.00 996.00 1008.00 1020.00 1031.00 1040.00 1050.00 1063.00 1076.00 1087.00 1095.00 1102.00 1107.00 1112.00 1116.00 1119.00 1122.00 1126.00 1129.00 1133.00 1138.00 1144.00 1151.00 1159.00 1166.00 1172.00 1178.00 1184.00 1192.00 1200.00 1208.00 1215.00 1224.00
669.00 676.00 687.00 699.00 711.00 720.00 723.00 726.00 732.00 740.00 748.00 756.00 763.00 770.00 777.00 785.00 794.00 804.00 814.00 826.00 837.00 845.00 852.00 861.00 872.00 883.00 895.00 908.00 920.00 929.00 937.00 943.00 949.00 955.00 964.00 977.00 988.00 1000.00 1013.00 1027.00 1038.00 1048.00 1058.00 1069.00 1080.00 1090.00 1098.00 1104.00 1108.00 1112.00 1115.00 1117.00 1119.00 1123.00 1126.00 1130.00 1135.00 1141.00 1148.00 1156.00 1163.00 1168.00 1174.00 1180.00 1187.00 1195.00 1202.00 1210.00 1218.00
672.00 680.00 692.00 705.00 717.00 725.00 729.00 733.00 738.00 744.00 751.00 759.00 766.00 772.00 779.00 786.00 795.00 804.00 813.00 823.00 833.00 841.00 849.00 858.00 868.00 879.00 890.00 905.00 918.00 929.00 938.00 945.00 951.00 957.00 969.00 983.00 996.00 1008.00 1021.00 1035.00 1046.00 1055.00 1064.00 1074.00 1084.00 1093.00 1100.00 1105.00 1109.00 1111.00 1113.00 1115.00 1117.00 1120.00 1122.00 1126.00 1131.00 1137.00 1144.00 1151.00 1158.00 1163.00 1168.00 1174.00 1181.00 1188.00 1195.00 1203.00 1210.00
675.00 685.00 697.00 711.00 722.00 730.00 735.00 739.00 744.00 750.00 756.00 763.00 768.00 774.00 781.00 788.00 795.00 804.00 813.00 821.00 829.00 836.00 846.00 856.00 866.00 876.00 888.00 902.00 917.00 930.00 940.00 947.00 954.00 963.00 976.00 991.00 1004.00 1016.00 1029.00 1042.00 1052.00 1061.00 1069.00 1078.00 1087.00 1095.00 1101.00 1106.00 1109.00 1111.00 1112.00 1114.00 1115.00 1117.00 1119.00 1121.00 1126.00 1133.00 1140.00 1147.00 1153.00 1157.00 1162.00 1168.00 1174.00 1181.00 1188.00 1196.00 1203.00
678.00 689.00 702.00 715.00 726.00 734.00 740.00 745.00 750.00 755.00 761.00 766.00 771.00 777.00 782.00 789.00 796.00 804.00 812.00 820.00 827.00 835.00 845.00 855.00 865.00 876.00 889.00 903.00 918.00 931.00 941.00 950.00 959.00 969.00 982.00 996.00 1009.00 1022.00 1035.00 1047.00 1057.00 1065.00 1073.00 1081.00 1089.00 1096.00 1102.00 1106.00 1108.00 1110.00 1111.00 1112.00 1113.00 1114.00 1116.00 1118.00 1123.00 1130.00 1136.00 1143.00 1148.00 1152.00 1156.00 1161.00 1167.00 1174.00 1182.00 1189.00 1195.00
682.00 693.00 705.00 717.00 728.00 737.00 744.00 750.00 755.00 760.00 765.00 769.00 774.00 779.00 784.00 790.00 797.00 805.00 813.00 821.00 829.00 837.00 846.00 856.00 867.00 879.00 892.00 907.00 920.00 932.00 943.00 953.00 963.00 973.00 986.00 999.00 1013.00 1026.00 1039.00 1051.00 1060.00 1069.00 1076.00 1083.00 1090.00 1097.00 1102.00 1105.00 1108.00 1109.00 1110.00 1111.00 1112.00 1113.00 1114.00 1117.00 1121.00 1127.00 1133.00 1139.00 1144.00 1149.00 1153.00 1157.00 1162.00 1169.00 1176.00 1183.00 1190.00
685.00 695.00 707.00 719.00 730.00 740.00 748.00 754.00 760.00 764.00 769.00 773.00 777.00 781.00 787.00 792.00 799.00 807.00 815.00 824.00 832.00 841.00 850.00 859.00 870.00 882.00 896.00 910.00 923.00 934.00 944.00 954.00 964.00 975.00 987.00 1001.00 1015.00 1029.00 1042.00 1053.00 1062.00 1070.00 1077.00 1084.00 1090.00 1095.00 1100.00 1104.00 1106.00 1108.00 1109.00 1110.00 1111.00 1111.00 1113.00 1116.00 1120.00 1125.00 1131.00 1137.00 1142.00 1146.00 1150.00 1154.00 1159.00 1165.00 1172.00 1178.00 1186.00
689.00 698.00 709.00 721.00 732.00 742.00 751.00 758.00 764.00 768.00 772.00 776.00 779.00 784.00 789.00 794.00 801.00 809.00 818.00 827.00 836.00 845.00 854.00 863.00 874.00 886.00 899.00 913.00 925.00 936.00 945.00 955.00 965.00 975.00 987.00 1000.00 1016.00 1031.00 1044.00 1054.00 1062.00 1070.00 1077.00 1083.00 1089.00 1094.00 1098.00 1102.00 1104.00 1106.00 1108.00 1109.00 1110.00 1111.00 1113.00 1116.00 1120.00 1124.00 1130.00 1135.00 1140.00 1145.00 1150.00 1154.00 1159.00 1165.00 1171.00 1178.00 1187.00
692.00 701.00 711.00 722.00 734.00 744.00 754.00 761.00 766.00 771.00 775.00 778.00 781.00 785.00 790.00 796.00 803.00 811.00 821.00 830.00 840.00 849.00 858.00 867.00 877.00 888.00 901.00 914.00 926.00 936.00 946.00 955.00 965.00 975.00 986.00 999.00 1014.00 1030.00 1043.00 1053.00 1060.00 1067.00 1074.00 1082.00 1089.00 1094.00 1097.00 1100.00 1102.00 1104.00 1106.00 1107.00 1109.00 1110.00 1112.00 1115.00 1119.00 1123.00 1128.00 1134.00 1139.00 1144.00 1150.00 1155.00 1161.00 1167.00 1174.00 1182.00 1190.00
695.00 704.00 714.00 724.00 735.00 746.00 755.00 763.00 768.00 773.00 776.00 779.00 783.00 787.00 791.00 798.00 805.00 814.00 823.00 833.00 842.00 852.00 861.00 870.00 880.00 891.00 902.00 914.00 926.00 936.00 946.00 955.00 964.00 975.00 985.00 997.00 1010.00 1025.00 1039.00 1049.00 1056.00 1064.00 1072.00 1081.00 1088.00 1093.00 1096.00 1098.00 1100.00 1102.00 1104.00 1106.00 1107.00 1109.00 1112.00 1115.00 1119.00 1123.00 1127.00 1133.00 1138.00 1144.00 1150.00 1156.00 1162.00 1169.00 1176.00 1185.00 1194.00
698.00 706.00 716.00 726.00 737.00 747.00 756.00 764.00 769.00 773.00 777.00 780.00 783.00 787.00 791.00 798.00 806.00 815.00 824.00 834.00 844.00 853.00 862.00 872.00 882.00 893.00 904.00 915.00 926.00 936.00 945.00 955.00 964.00 974.00 983.00 993.00 1004.00 1019.00 1032.00 1043.00 1050.00 1059.00 1068.00 1079.00 1087.00 1092.00 1095.00 1097.00 1098.00 1100.00 1102.00 1104.00 1106.00 1108.00 1111.00 1115.00 1118.00 1122.00 1127.00 1132.00 1137.00 1143.00 1150.00 1156.00 1163.00 1170.00 1178.00 1187.00 1197.00
701.00 708.00 717.00 727.00 737.00 747.00 756.00 763.00 769.00 773.00 776.00 779.00 782.00 785.00 790.00 797.00 806.00 815.00 824.00 834.00 844.00 854.00 863.00 872.00 883.00 894.00 904.00 915.00 926.00 936.00 944.00 953.00 963.00 972.00 979.00 988.00 998.00 1010.00 1024.00 1035.00 1043.00 1052.00 1063.00 1074.00 1084.00 1091.00 1094.00 1096.00 1097.00 1098.00 1100.00 1102.00 1105.00 1108.00 1111.00 1114.00 1117.00 1121.00 1126.00 1131.00 1137.00 1143.00 1149.00 1156.00 1163.00 1171.00 1180.00 1190.00 1201.00
703.00 710.00 718.00 728.00 737.00 746.00 754.00 761.00 767.00 771.00 773.00 776.00 778.00 782.00 788.00 796.00 805.00 814.00 822.00 830.00 840.00 851.00 861.00 872.00 883.00 893.00 903.00 914.00 925.00 934.00 942.00 951.00 959.00 967.00 974.00 982.00 991.00 1002.00 1014.00 1025.00 1035.00 1044.00 1054.00 1067.00 1078.00 1087.00 1092.00 1094.00 1096.00 1097.00 1098.00 1101.00 1104.00 1107.00 1110.00 1113.00 1117.00 1121.00 1125.00 1131.00 1136.00 1142.00 1149.00 1156.00 1164.00 1173.00 1183.00 1193.00 1204.00
704.00 710.00 719.00 728.00 736.00 742.00 749.00 755.00 763.00 766.00 768.00 771.00 773.00 777.00 783.00 792.00 801.00 809.00 816.00 824.00 833.00 844.00 856.00 868.00 879.00 889.00 899.00 910.00 921.00 930.00 937.00 945.00 953.00 960.00 966.00 974.00 984.00 994.00 1005.00 1016.00 1026.00 1035.00 1045.00 1056.00 1069.00 1080.00 1088.00 1093.00 1095.00 1096.00 1098.00 1100.00 1103.00 1106.00 1109.00 1112.00 1116.00 1120.00 1125.00 1130.00 1136.00 1143.00 1149.00 1157.00 1165.00 1175.00 1185.00 1196.00 1208.00
703.00 710.00 718.00 726.00 733.00 738.00 742.00 748.00 754.00 758.00 761.00 763.00 765.00 769.00 775.00 782.00 791.00 800.00 807.00 814.00 822.00 833.00 847.00 860.00 871.00 880.00 890.00 902.00 913.00 923.00 930.00 937.00 944.00 951.00 958.00 966.00 976.00 987.00 998.00 1008.00 1018.00 1026.00 1035.00 1045.00 1058.00 1072.00 1083.00 1091.00 1094.00 1096.00 1097.00 1099.00 1102.00 1105.00 1109.00 1112.00 1115.00 1120.00 1125.00 1130.00 1137.00 1143.00 1151.00 1158.00 1167.00 1178.00 1188.00 1200.00 1211.00
701.00 707.00 714.00 721.00 727.00 731.00 734.00 739.00 743.00 747.00 751.00 754.00 756.00 760.00 764.00 769.00 777.00 787.00 794.00 801.00 808.00 819.00 833.00 848.00 860.00 869.00 879.00 891.00 902.00 912.00 921.00 928.00 935.00 942.00 950.00 959.00 969.00 979.00 990.00 1000.00 1010.00 1018.00 1027.00 1035.00 1047.00 1062.00 1078.00 1088.00 1093.00 1095.00 1096.00 1099.00 1102.00 1105.00 1108.00 1112.00 1115.00 1119.00 1124.00 1131.00 1137.00 1145.00 1152.00 1161.00 1170.00 1181.00 1192.00 1203.00 1214.00
696.00 700.00 705.00 711.00 717.00 721.00 725.00 728.00 732.00 736.00 740.00 743.00 746.00 749.00 752.00 756.00 762.00 772.00 781.00 788.00 794.00 802.00 814.00 830.00 845.00 857.00 867.00 878.00 889.00 901.00 911.00 918.00 926.00 934.00 943.00 952.00 962.00 972.00 981.00 992.00 1002.00 1011.00 1020.00 1028.00 1039.00 1054.00 1071.00 1083.00 1090.00 1094.00 1096.00 1099.00 1102.00 1106.00 1109.00 1112.00 1115.00 1119.00 1125.00 1131.00 1138.00 1146.00 1154.00 1163.00 1173.00 1184.00 1195.00 1206.00 1217.00
689.00 691.00 694.00 698.00 703.00 708.00 712.00 715.00 719.00 724.00 729.00 733.00 736.00 738.00 741.00 745.00 751.00 759.00 769.00 777.00 782.00 787.00 795.00 808.00 825.00 841.00 854.00 865.00 877.00 891.00 902.00 910.00 919.00 928.00 937.00 946.00 955.00 963.00 972.00 983.00 994.00 1005.00 1014.00 1023.00 1034.00 1049.00 1064.00 1077.00 1087.00 1093.00 1097.00 1100.00 1103.00 1106.00 1109.00 1113.00 1116.00 1120.00 1126.00 1132.00 1139.00 1147.00 1156.00 1166.00 1177.00 1188.00 1199.00 1209.00 1220.00
681.00 682.00 683.00 685.00 689.00 693.00 697.00 701.00 705.00 711.00 717.00 723.00 726.00 728.00 730.00 736.00 743.00 751.00 760.00 768.00 771.00 774.00 780.00 791.00 807.00 824.00 839.00 852.00 865.00 880.00 893.00 903.00 912.00 922.00 931.00 940.00 948.00 955.00 964.00 975.00 987.00 999.00 1010.00 1020.00 1031.00 1045.00 1059.00 1073.00 1084.00 1093.00 1098.00 1102.00 1105.00 1108.00 1111.00 1114.00 1117.00 1121.00 1127.00 1133.00 1141.00 1149.00 1158.00 1168.00 1180.00 1191.00 1202.00 1213.00 1224.00
676.00 676.00 678.00 680.00 685.00 690.00 695.00 700.00 705.00 711.00 716.00 721.00 728.00 733.00 737.00 743.00 751.00 756.00 760.00 765.00 767.00 770.00 775.00 784.00 796.00 809.00 823.00 836.00 850.00 868.00 885.00 897.00 906.00 916.00 926.00 935.00 942.00 950.00 958.00 968.00 980.00 992.00 1005.00 1016.00 1029.00 1043.00 1057.00 1071.00 1083.00 1093.00 1100.00 1104.00 1107.00 1109.00 1112.00 1115.00 1118.00 1123.00 1128.00 1135.00 1143.00 1151.00 1161.00 1171.00 1183.00 1194.00 1205.00 1216.00 1228.00
674.00 677.00 680.00 684.00 690.00 697.00 702.00 707.00 712.00 718.00 725.00 732.00 738.00 744.00 748.00 755.00 761.00 767.00 770.00 774.00 777.00 779.00 783.00 788.00 794.00 801.00 810.00 822.00 837.00 855.00 874.00 889.00 899.00 909.00 919.00 929.00 938.00 945.00 953.00 962.00 973.00 986.00 999.00 1013.00 1027.00 1041.00 1056.00 1071.00 1083.00 1093.00 1101.00 1105.00 1108.00 1111.00 1113.00 1116.00 1120.00 1124.00 1130.00 1137.00 1145.00 1154.00 1164.00 1175.00 1186.00 1198.00 1209.00 1220.00 1232.00
674.00 678.00 683.00 689.00 696.00 705.00 712.00 718.00 725.00 732.00 740.00 746.00 751.00 757.00 762.00 768.00 775.00 780.00 783.00 786.00 789.00 792.00 795.00 798.00 801.00 803.00 808.00 817.00 828.00 843.00 861.00 877.00 889.00 900.00 912.00 923.00 933.00 940.00 948.00 956.00 967.00 980.00 994.00 1009.00 1024.00 1040.00 1055.00 1070.00 1083.00 1093.00 1101.00 1106.00 1110.00 1112.00 1115.00 1117.00 1121.00 1126.00 1132.00 1140.00 1148.00 1157.00 1167.00 1178.00 1190.00 1201.00 1212.00 1224.00 1236.00
675.00 680.00 686.00 694.00 703.00 713.00 723.00 732.00 740.00 748.00 755.00 760.00 765.00 771.00 777.00 784.00 790.00 794.00 797.00 799.00 801.00 804.00 807.00 809.00 812.00 814.00 817.00 820.00 825.00 835.00 849.00 864.00 878.00 890.00 902.00 916.00 927.00 936.00 943.00 951.00 961.00 974.00 990.00 1007.00 1022.00 1038.00 1054.00 1070.00 1083.00 1093.00 1101.00 1107.00 1110.00 1113.00 1115.00 1118.00 1122.00 1127.00 1134.00 1142.00 1151.00 1160.00 1170.00 1182.00 1193.00 1205.00 1216.00 1228.00 1240.00
676.00 683.00 691.00 699.00 709.00 722.00 735.00 746.00 755.00 762.00 768.00 772.00 777.00 784.00 791.00 799.00 804.00 808.00 811.00 812.00 814.00 816.00 819.00 822.00 826.00 829.00 830.00 830.00 831.00 834.00 842.00 853.00 866.00 879.00 891.00 905.00 919.00 930.00 938.00 946.00 956.00 971.00 987.00 1004.00 1019.00 1035.00 1051.00 1068.00 1082.00 1092.00 1101.00 1107.00 1111.00 1114.00 1116.00 1119.00 1123.00 1129.00 1136.00 1145.00 1154.00 1163.00 1174.00 1185.00 1197.00 1209.00 1220.00 1232.00 1244.00
681.00 689.00 697.00 706.00 718.00 733.00 748.00 760.00 767.00 773.00 779.00 784.00 790.00 797.00 805.00 812.00 818.00 822.00 824.00 826.00 827.00 830.00 834.00 838.00 842.00 845.00 845.00 845.00 844.00 845.00 848.00 855.00 863.00 872.00 881.00 893.00 909.00 922.00 933.00 942.00 953.00 968.00 985.00 1001.00 1016.00 1031.00 1048.00 1065.00 1079.00 1091.00 1099.00 1106.00 1110.00 1114.00 1116.00 1119.00 1124.00 1131.00 1138.00 1147.00 1156.00 1166.00 1177.00 1189.00 1201.00 1212.00 1224.00 1236.00 1248.00
690.00 699.00 707.00 717.00 731.00 746.00 760.00 770.00 777.00 783.00 789.00 795.00 803.00 811.00 819.00 825.00 830.00 834.00 836.00 838.00 841.00 845.00 850.00 856.00 860.00 862.00 862.00 862.00 861.00 861.00 862.00 865.00 869.00 873.00 877.00 886.00 900.00 914.00 927.00 938.00 951.00 966.00 983.00 999.00 1014.00 1029.00 1045.00 1061.00 1076.00 1088.00 1097.00 1104.00 1110.00 1114.00 1117.00 1121.00 1126.00 1133.00 1141.00 1148.00 1157.00 1168.00 1179.00 1192.00 1204.00 1215.00 1227.00 1239.00 1251.00
702.00 711.00 719.00 730.00 744.00 759.00 769.00 778.00 785.00 792.00 800.00 808.00 817.00 825.00 832.00 838.00 842.00 845.00 848.00 851.00 854.00 859.00 866.00 872.00 877.00 878.00 878.00 878.00 878.00 878.00 878.00 879.00 880.00 881.00 882.00 887.00 897.00 908.00 920.00 933.00 948.00 964.00 980.00 997.00 1012.00 1028.00 1043.00 1059.00 1072.00 1084.00 1094.00 1101.00 1108.00 1113.00 1118.00 1123.00 1129.00 1136.00 1143.00 1151.00 1159.00 1169.00 1181.00 1194.00 1206.00 1218.00 1229.00 1241.00 1254.00
714.00 724.00 733.00 744.00 757.00 768.00 778.00 786.00 793.00 802.00 811.00 821.00 831.00 838.00 844.00 848.00 852.00 855.00 858.00 862.00 867.00 873.00 879.00 885.00 889.00 892.00 893.00 893.00 894.00 894.00 895.00 895.00 895.00 894.00 893.00 894.00 899.00 906.00 916.00 929.00 945.00 961.00 977.00 993.00 1011.00 1026.00 1042.00 1056.00 1069.00 1081.00 1090.00 1098.00 1104.00 1110.00 1118.00 1125.00 1132.00 1139.00 1146.00 1154.00 1161.00 1171.00 1183.00 1195.00 1207.00 1219.00 1231.00 1243.00 1255.00
725.00 735.00 745.00 755.00 766.00 776.00 785.00 794.00 802.00 812.00 822.00 832.00 841.00 848.00 854.00 858.00 862.00 865.00 869.00 873.00 878.00 884.00 890.00 895.00 900.00 904.00 907.00 908.00 909.00 910.00 911.00 911.00 910.00 908.00 906.00 904.00 905.00 910.00 917.00 928.00 942.00 957.00 972.00 989.00 1007.00 1023.00 1038.00 1051.00 1063.00 1075.00 1086.00 1093.00 1100.00 1107.00 1116.00 1126.00 1134.00 1142.00 1149.00 1155.00 1163.00 1173.00 1184.00 1196.00 1208.00 1220.00 1232.00 1244.00 1256.00
735.00 745.00 755.00 765.00 774.00 783.00 792.00 801.00 811.00 821.00 832.00 842.00 850.00 857.00 862.00 867.00 871.00 875.00 879.00 884.00 889.00 894.00 898.00 903.00 910.00 916.00 920.00 922.00 924.00 925.00 926.00 925.00 924.00 921.00 918.00 916.00 915.00 917.00 922.00 930.00 941.00 953.00 966.00 982.00 1000.00 1016.00 1030.00 1043.00 1054.00 1067.00 1079.00 1088.00 1095.00 1103.00 1114.00 1124.00 1134.00 1143.00 1151.00 1158.00 1165.00 1175.00 1186.00 1197.00 1209.00 1221.00 1233.00 1245.00 1257.00
