ressources/models/Grenoble_16_dalles/BDALTIV1_FXX_0910_6460_MNT_20120919_LAMB93_IGN69.asc
ncols        400
nrows        400
xllcorner    909987.50000000
yllcorner    6450012.50000000
cellsize     25.00000000
NODATA_value -99999.00
[rows 320 to 351 of 400, columns 284 to 354 of 400]
450.00 443.00 435.00 428.00 420.00 413.00 406.00 399.00 393.00 388.00 384.00 380.00 377.00 375.00 374.00 373.00 372.00 371.00 369.00 368.00 367.00 366.00 365.00 364.00 363.00 362.00 362.00 362.00 363.00 365.00 367.00 368.00 370.00 371.00 372.00 372.00 373.00 374.00 375.00 376.00 377.00 378.00 380.00 381.00 383.00 385.00 387.00 388.00 390.00 392.00 393.00 395.00 395.00 394.00 393.00 391.00 390.00 390.00 391.00 392.00 395.00 397.00 399.00 401.00 403.00 404.00 406.00 407.00 409.00 412.00 417.00
447.00 439.00 432.00 424.00 417.00 410.00 403.00 396.00 391.00 386.00 382.00 378.00 376.00 375.00 374.00 373.00 372.00 371.00 369.00 369.00 368.00 367.00 366.00 365.00 364.00 364.00 363.00 364.00 364.00 366.00 368.00 370.00 371.00 372.00 373.00 373.00 374.00 375.00 375.00 377.00 378.00 379.00 381.00 383.00 384.00 386.00 388.00 390.00 392.00 393.00 395.00 397.00 398.00 397.00 396.00 394.00 392.00 392.00 392.00 394.00 396.00 399.00 401.00 402.00 405.00 407.00 408.00 409.00 411.00 413.00 416.00
443.00 436.00 429.00 421.00 414.00 407.00 400.00 394.00 389.00 384.00 380.00 377.00 375.00 374.00 373.00 372.00 371.00 370.00 369.00 369.00 369.00 369.00 368.00 367.00 366.00 365.00 365.00 365.00 365.00 367.00 369.00 371.00 372.00 373.00 373.00 374.00 375.00 375.00 376.00 378.00 379.00 381.00 382.00 384.00 386.00 388.00 390.00 391.00 393.00 395.00 397.00 399.00 400.00 399.00 398.00 396.00 394.00 393.00 394.00 395.00 397.00 399.00 402.00 404.00 406.00 408.00 409.00 411.00 412.00 414.00 415.00
440.00 433.00 425.00 418.00 411.00 404.00 397.00 392.00 386.00 382.00 378.00 376.00 374.00 373.00 372.00 372.00 371.00 370.00 369.00 369.00 370.00 370.00 370.00 369.00 368.00 367.00 366.00 366.00 366.00 367.00 369.00 371.00 372.00 373.00 374.00 374.00 375.00 376.00 377.00 379.00 380.00 382.00 384.00 386.00 388.00 389.00 391.00 393.00 395.00 397.00 399.00 400.00 401.00 400.00 399.00 397.00 396.00 395.00 394.00 395.00 396.00 399.00 402.00 404.00 406.00 408.00 410.00 411.00 412.00 414.00 415.00
437.00 429.00 422.00 415.00 408.00 401.00 395.00 389.00 384.00 380.00 377.00 375.00 374.00 373.00 372.00 371.00 370.00 370.00 370.00 370.00 371.00 371.00 371.00 370.00 369.00 368.00 367.00 367.00 367.00 368.00 369.00 370.00 372.00 373.00 374.00 375.00 376.00 377.00 378.00 380.00 381.00 383.00 385.00 387.00 389.00 391.00 393.00 394.00 396.00 398.00 400.00 401.00 402.00 401.00 399.00 398.00 396.00 395.00 395.00 395.00 395.00 398.00 401.00 403.00 405.00 407.00 409.00 411.00 412.00 413.00 415.00
433.00 426.00 419.00 412.00 405.00 398.00 392.00 387.00 382.00 378.00 376.00 374.00 373.00 372.00 372.00 371.00 370.00 370.00 371.00 371.00 372.00 372.00 372.00 371.00 370.00 369.00 368.00 368.00 368.00 368.00 369.00 370.00 371.00 373.00 374.00 375.00 376.00 378.00 379.00 381.00 383.00 385.00 387.00 389.00 391.00 393.00 394.00 396.00 398.00 399.00 401.00 402.00 402.00 401.00 400.00 398.00 397.00 396.00 395.00 395.00 395.00 396.00 399.00 402.00 404.00 406.00 408.00 410.00 412.00 413.00 414.00
429.00 422.00 415.00 408.00 401.00 395.00 389.00 384.00 380.00 377.00 374.00 373.00 372.00 372.00 372.00 371.00 371.00 371.00 372.00 372.00 372.00 372.00 372.00 372.00 371.00 370.00 369.00 369.00 369.00 369.00 369.00 369.00 370.00 372.00 374.00 376.00 377.00 379.00 380.00 382.00 384.00 386.00 389.00 391.00 393.00 394.00 396.00 397.00 399.00 400.00 401.00 402.00 402.00 402.00 400.00 399.00 397.00 396.00 395.00 395.00 395.00 395.00 397.00 400.00 403.00 405.00 407.00 409.00 411.00 412.00 414.00
424.00 417.00 410.00 404.00 398.00 392.00 386.00 381.00 378.00 375.00 373.00 372.00 372.00 372.00 372.00 372.00 372.00 372.00 372.00 373.00 373.00 373.00 373.00 372.00 371.00 371.00 370.00 370.00 370.00 370.00 370.00 370.00 370.00 371.00 374.00 376.00 378.00 380.00 382.00 384.00 386.00 388.00 391.00 392.00 394.00 396.00 397.00 399.00 400.00 401.00 402.00 402.00 402.00 402.00 400.00 399.00 398.00 396.00 396.00 395.00 395.00 395.00 396.00 398.00 401.00 404.00 406.00 408.00 409.00 411.00 413.00
420.00 413.00 406.00 399.00 394.00 389.00 384.00 379.00 376.00 374.00 373.00 372.00 372.00 372.00 372.00 372.00 373.00 373.00 373.00 374.00 374.00 373.00 373.00 373.00 372.00 371.00 371.00 371.00 371.00 371.00 370.00 370.00 371.00 372.00 375.00 377.00 379.00 381.00 384.00 386.00 388.00 390.00 393.00 394.00 396.00 398.00 399.00 400.00 401.00 402.00 403.00 403.00 403.00 402.00 401.00 399.00 398.00 397.00 396.00 395.00 395.00 395.00 396.00 397.00 399.00 402.00 404.00 406.00 408.00 410.00 412.00
414.00 408.00 401.00 395.00 390.00 385.00 381.00 377.00 375.00 373.00 372.00 371.00 372.00 372.00 372.00 373.00 373.00 374.00 374.00 374.00 374.00 374.00 373.00 373.00 373.00 372.00 372.00 372.00 372.00 371.00 371.00 371.00 372.00 373.00 376.00 378.00 380.00 383.00 385.00 388.00 390.00 393.00 395.00 396.00 398.00 399.00 401.00 402.00 402.00 403.00 403.00 403.00 403.00 402.00 401.00 400.00 399.00 398.00 397.00 396.00 396.00 395.00 396.00 396.00 398.00 400.00 402.00 405.00 406.00 408.00 410.00
409.00 403.00 397.00 391.00 386.00 382.00 379.00 376.00 374.00 372.00 372.00 371.00 372.00 372.00 373.00 374.00 374.00 375.00 375.00 375.00 375.00 374.00 374.00 374.00 373.00 373.00 373.00 373.00 373.00 372.00 372.00 373.00 373.00 375.00 377.00 379.00 381.00 384.00 387.00 390.00 393.00 395.00 397.00 399.00 400.00 401.00 402.00 403.00 404.00 404.00 404.00 404.00 404.00 403.00 402.00 401.00 400.00 398.00 398.00 397.00 396.00 396.00 396.00 396.00 397.00 399.00 401.00 403.00 405.00 406.00 408.00
402.00 397.00 392.00 387.00 383.00 379.00 377.00 374.00 373.00 372.00 371.00 372.00 372.00 373.00 374.00 375.00 375.00 375.00 375.00 375.00 375.00 375.00 374.00 374.00 374.00 374.00 374.00 374.00 374.00 374.00 374.00 374.00 375.00 376.00 378.00 380.00 383.00 386.00 389.00 393.00 395.00 398.00 399.00 401.00 402.00 403.00 404.00 405.00 405.00 405.00 405.00 405.00 404.00 404.00 403.00 402.00 401.00 400.00 399.00 398.00 397.00 397.00 397.00 397.00 397.00 398.00 399.00 401.00 403.00 405.00 406.00
396.00 391.00 387.00 383.00 379.00 377.00 375.00 373.00 372.00 371.00 371.00 372.00 373.00 374.00 375.00 376.00 376.00 376.00 376.00 376.00 375.00 375.00 375.00 375.00 375.00 375.00 375.00 375.00 375.00 375.00 375.00 375.00 376.00 377.00 378.00 380.00 384.00 387.00 391.00 395.00 398.00 400.00 402.00 403.00 404.00 405.00 406.00 406.00 406.00 406.00 406.00 406.00 405.00 404.00 404.00 403.00 402.00 401.00 400.00 399.00 398.00 398.00 398.00 397.00 397.00 398.00 399.00 400.00 402.00 403.00 405.00
390.00 386.00 382.00 379.00 377.00 375.00 373.00 372.00 371.00 371.00 371.00 373.00 374.00 375.00 376.00 377.00 377.00 377.00 377.00 376.00 376.00 375.00 375.00 375.00 375.00 376.00 376.00 376.00 376.00 377.00 377.00 377.00 377.00 377.00 378.00 380.00 384.00 388.00 392.00 396.00 400.00 402.00 403.00 405.00 406.00 407.00 407.00 408.00 408.00 408.00 407.00 407.00 406.00 405.00 405.00 404.00 403.00 402.00 401.00 400.00 400.00 399.00 399.00 398.00 398.00 398.00 399.00 400.00 401.00 402.00 403.00
386.00 382.00 379.00 377.00 375.00 373.00 372.00 371.00 371.00 371.00 372.00 374.00 375.00 377.00 378.00 378.00 378.00 377.00 377.00 377.00 376.00 376.00 376.00 376.00 376.00 377.00 377.00 377.00 378.00 378.00 378.00 378.00 378.00 378.00 379.00 381.00 385.00 389.00 393.00 397.00 401.00 403.00 405.00 406.00 408.00 409.00 409.00 409.00 409.00 409.00 408.00 408.00 407.00 406.00 406.00 405.00 404.00 403.00 402.00 401.00 401.00 400.00 400.00 400.00 399.00 399.00 399.00 400.00 400.00 401.00 403.00
382.00 379.00 376.00 374.00 373.00 371.00 371.00 370.00 370.00 371.00 373.00 375.00 377.00 379.00 379.00 379.00 379.00 378.00 378.00 378.00 377.00 377.00 377.00 377.00 377.00 378.00 378.00 379.00 380.00 380.00 380.00 379.00 378.00 378.00 379.00 382.00 385.00 389.00 394.00 397.00 401.00 403.00 406.00 408.00 409.00 410.00 411.00 412.00 412.00 411.00 410.00 409.00 408.00 407.00 407.00 406.00 405.00 404.00 403.00 403.00 402.00 402.00 401.00 401.00 401.00 401.00 400.00 400.00 400.00 401.00 402.00
378.00 376.00 374.00 372.00 371.00 370.00 369.00 370.00 371.00 372.00 375.00 377.00 379.00 380.00 381.00 380.00 380.00 380.00 379.00 379.00 378.00 378.00 378.00 379.00 379.00 379.00 380.00 381.00 382.00 382.00 381.00 381.00 380.00 379.00 380.00 383.00 386.00 390.00 394.00 397.00 400.00 404.00 407.00 409.00 411.00 412.00 413.00 414.00 414.00 413.00 412.00 411.00 410.00 409.00 408.00 407.00 406.00 406.00 405.00 404.00 404.00 403.00 403.00 402.00 402.00 402.00 402.00 401.00 401.00 401.00 402.00
375.00 373.00 372.00 370.00 369.00 369.00 369.00 369.00 371.00 374.00 377.00 379.00 381.00 382.00 382.00 382.00 382.00 381.00 381.00 380.00 380.00 380.00 380.00 380.00 381.00 381.00 382.00 383.00 384.00 384.00 384.00 382.00 381.00 381.00 382.00 385.00 388.00 391.00 394.00 397.00 401.00 404.00 407.00 410.00 412.00 414.00 415.00 416.00 416.00 416.00 415.00 414.00 412.00 411.00 409.00 409.00 408.00 407.00 406.00 406.00 405.00 404.00 404.00 404.00 404.00 404.00 403.00 403.00 402.00 402.00 403.00
372.00 371.00 370.00 369.00 368.00 368.00 369.00 370.00 372.00 375.00 378.00 381.00 383.00 384.00 384.00 384.00 384.00 384.00 383.00 383.00 383.00 383.00 383.00 383.00 383.00 384.00 385.00 386.00 386.00 386.00 386.00 385.00 384.00 384.00 385.00 387.00 390.00 393.00 396.00 399.00 402.00 405.00 409.00 411.00 414.00 416.00 417.00 418.00 418.00 418.00 418.00 416.00 415.00 413.00 412.00 410.00 409.00 409.00 408.00 407.00 406.00 406.00 406.00 406.00 406.00 405.00 405.00 404.00 404.00 404.00 404.00
370.00 369.00 369.00 368.00 368.00 368.00 369.00 370.00 373.00 376.00 380.00 383.00 384.00 386.00 386.00 387.00 387.00 386.00 386.00 386.00 386.00 386.00 386.00 386.00 386.00 387.00 388.00 389.00 389.00 389.00 389.00 388.00 387.00 387.00 388.00 389.00 392.00 395.00 398.00 400.00 404.00 407.00 410.00 413.00 416.00 418.00 419.00 420.00 421.00 421.00 420.00 419.00 418.00 416.00 414.00 413.00 412.00 410.00 409.00 409.00 408.00 408.00 408.00 408.00 408.00 407.00 407.00 406.00 406.00 406.00 405.00
369.00 368.00 368.00 368.00 368.00 369.00 370.00 372.00 374.00 378.00 381.00 384.00 386.00 388.00 389.00 389.00 390.00 390.00 390.00 389.00 389.00 389.00 389.00 389.00 390.00 391.00 391.00 392.00 392.00 392.00 392.00 391.00 390.00 390.00 390.00 392.00 394.00 397.00 400.00 402.00 406.00 409.00 412.00 415.00 418.00 420.00 421.00 422.00 423.00 423.00 423.00 422.00 420.00 419.00 417.00 415.00 414.00 413.00 412.00 411.00 410.00 410.00 410.00 410.00 410.00 409.00 409.00 408.00 408.00 408.00 407.00
368.00 368.00 368.00 368.00 369.00 370.00 371.00 374.00 376.00 380.00 383.00 385.00 388.00 390.00 391.00 392.00 393.00 393.00 393.00 393.00 392.00 392.00 392.00 392.00 393.00 394.00 395.00 395.00 396.00 395.00 395.00 394.00 393.00 392.00 393.00 394.00 396.00 399.00 401.00 404.00 407.00 411.00 414.00 417.00 420.00 422.00 423.00 424.00 425.00 425.00 425.00 424.00 423.00 422.00 420.00 418.00 417.00 415.00 414.00 413.00 413.00 412.00 412.00 412.00 412.00 412.00 411.00 411.00 410.00 410.00 409.00
367.00 368.00 368.00 369.00 370.00 371.00 373.00 376.00 379.00 382.00 385.00 387.00 390.00 392.00 394.00 395.00 396.00 396.00 396.00 396.00 396.00 396.00 395.00 395.00 396.00 397.00 398.00 398.00 399.00 398.00 397.00 396.00 395.00 395.00 395.00 395.00 397.00 400.00 403.00 406.00 409.00 412.00 416.00 419.00 422.00 424.00 425.00 426.00 427.00 427.00 427.00 427.00 426.00 424.00 423.00 421.00 420.00 418.00 417.00 416.00 415.00 415.00 415.00 415.00 414.00 414.00 413.00 413.00 412.00 412.00 411.00
367.00 368.00 369.00 370.00 371.00 373.00 375.00 378.00 381.00 384.00 387.00 390.00 392.00 394.00 396.00 397.00 398.00 399.00 399.00 399.00 399.00 398.00 398.00 398.00 399.00 399.00 400.00 401.00 401.00 401.00 400.00 398.00 397.00 396.00 396.00 397.00 399.00 401.00 404.00 407.00 410.00 414.00 418.00 421.00 423.00 425.00 427.00 428.00 428.00 429.00 429.00 429.00 429.00 427.00 426.00 424.00 422.00 421.00 420.00 419.00 418.00 418.00 417.00 417.00 417.00 416.00 416.00 415.00 415.00 414.00 413.00
367.00 369.00 370.00 371.00 373.00 375.00 378.00 381.00 384.00 387.00 389.00 392.00 394.00 397.00 398.00 400.00 401.00 401.00 401.00 401.00 401.00 401.00 401.00 401.00 401.00 401.00 402.00 403.00 403.00 402.00 401.00 400.00 399.00 398.00 397.00 398.00 400.00 402.00 405.00 408.00 412.00 416.00 419.00 423.00 425.00 427.00 429.00 430.00 430.00 431.00 432.00 432.00 431.00 430.00 428.00 427.00 425.00 424.00 423.00 421.00 421.00 420.00 420.00 420.00 419.00 419.00 419.00 418.00 417.00 416.00 415.00
368.00 369.00 371.00 373.00 375.00 377.00 380.00 384.00 387.00 389.00 392.00 395.00 397.00 399.00 401.00 402.00 402.00 403.00 403.00 403.00 402.00 402.00 402.00 403.00 403.00 403.00 404.00 404.00 404.00 404.00 403.00 401.00 400.00 399.00 398.00 399.00 401.00 404.00 406.00 410.00 413.00 417.00 421.00 424.00 427.00 429.00 430.00 432.00 432.00 433.00 434.00 434.00 433.00 432.00 431.00 430.00 428.00 427.00 425.00 424.00 423.00 423.00 423.00 422.00 422.00 421.00 421.00 420.00 419.00 418.00 417.00
369.00 370.00 372.00 374.00 377.00 380.00 383.00 387.00 390.00 393.00 395.00 398.00 400.00 401.00 402.00 403.00 404.00 404.00 404.00 404.00 404.00 404.00 404.00 404.00 404.00 405.00 405.00 405.00 405.00 405.00 404.00 402.00 401.00 400.00 399.00 400.00 402.00 405.00 408.00 412.00 415.00 419.00 423.00 427.00 429.00 431.00 432.00 434.00 435.00 435.00 436.00 436.00 436.00 435.00 434.00 433.00 431.00 430.00 428.00 427.00 426.00 426.00 425.00 425.00 424.00 424.00 423.00 422.00 421.00 420.00 419.00
370.00 372.00 374.00 377.00 380.00 383.00 387.00 390.00 393.00 396.00 398.00 401.00 402.00 403.00 404.00 404.00 405.00 405.00 405.00 405.00 405.00 405.00 405.00 405.00 406.00 406.00 406.00 406.00 406.00 405.00 404.00 403.00 402.00 401.00 400.00 401.00 404.00 407.00 411.00 414.00 418.00 422.00 426.00 429.00 431.00 433.00 434.00 435.00 437.00 437.00 438.00 438.00 438.00 437.00 436.00 435.00 434.00 433.00 431.00 430.00 429.00 428.00 427.00 427.00 426.00 426.00 425.00 425.00 423.00 422.00 421.00
372.00 374.00 376.00 379.00 383.00 387.00 391.00 394.00 397.00 400.00 402.00 403.00 404.00 405.00 405.00 405.00 405.00 405.00 405.00 405.00 405.00 405.00 406.00 406.00 407.00 407.00 408.00 407.00 407.00 406.00 405.00 404.00 403.00 402.00 402.00 403.00 406.00 409.00 413.00 416.00 420.00 424.00 428.00 431.00 433.00 435.00 436.00 437.00 438.00 439.00 439.00 440.00 439.00 439.00 439.00 438.00 437.00 436.00 434.00 433.00 432.00 431.00 430.00 429.00 429.00 428.00 427.00 427.00 426.00 425.00 423.00
373.00 376.00 379.00 383.00 387.00 391.00 395.00 398.00 401.00 403.00 405.00 406.00 406.00 406.00 406.00 406.00 406.00 406.00 406.00 406.00 406.00 406.00 406.00 407.00 408.00 408.00 409.00 409.00 408.00 407.00 406.00 405.00 404.00 403.00 404.00 405.00 408.00 411.00 415.00 419.00 422.00 426.00 429.00 432.00 435.00 436.00 438.00 439.00 440.00 440.00 441.00 441.00 441.00 441.00 441.00 440.00 439.00 438.00 437.00 436.00 434.00 433.00 432.00 431.00 431.00 430.00 430.00 429.00 428.00 427.00 426.00
376.00 378.00 382.00 386.00 391.00 395.00 399.00 402.00 405.00 407.00 408.00 409.00 408.00 408.00 408.00 407.00 407.00 406.00 406.00 406.00 406.00 407.00 407.00 408.00 409.00 410.00 410.00 410.00 409.00 408.00 407.00 406.00 405.00 405.00 405.00 407.00 410.00 414.00 418.00 421.00 425.00 428.00 431.00 434.00 436.00 438.00 439.00 440.00 441.00 441.00 442.00 442.00 442.00 442.00 442.00 442.00 441.00 441.00 439.00 438.00 437.00 435.00 434.00 434.00 433.00 432.00 431.00 431.00 430.00 429.00 428.00
378.00 382.00 386.00 390.00 395.00 399.00 403.00 406.00 408.00 410.00 411.00 411.00 410.00 410.00 409.00 408.00 408.00 407.00 407.00 407.00 407.00 408.00 408.00 409.00 410.00 411.00 411.00 411.00 410.00 409.00 408.00 407.00 406.00 406.00 407.00 409.00 412.00 416.00 420.00 424.00 427.00 430.00 433.00 436.00 438.00 439.00 441.00 441.00 442.00 442.00 442.00 443.00 443.00 443.00 443.00 443.00 443.00 442.00 441.00 440.00 439.00 438.00 436.00 436.00 435.00 434.00 433.00 432.00 432.00 431.00 430.00
