ressources/models/Grenoble_16_dalles/BDALTIV1_FXX_0910_6460_MNT_20120919_LAMB93_IGN69.asc
ncols        400
nrows        400
xllcorner    909987.50000000
yllcorner    6450012.50000000
cellsize     25.00000000
NODATA_value -99999.00
[rows 32 to 63 of 400, columns 142 to 212 of 400]
278.00 290.00 307.00 322.00 342.00 366.00 383.00 392.00 400.00 408.00 418.00 436.00 458.00 473.00 480.00 483.00 484.00 483.00 478.00 472.00 465.00 451.00 434.00 414.00 393.00 371.00 356.00 341.00 326.00 314.00 303.00 292.00 282.00 272.00 262.00 253.00 241.00 228.00 218.00 214.00 212.00 210.00 210.00 210.00 211.00 211.00 211.00 211.00 211.00 211.00 211.00 211.00 211.00 211.00 211.00 211.00 211.00 211.00 211.00 211.00 211.00 211.00 211.00 211.00 211.00 211.00 211.00 211.00 211.00 211.00 210.00
273.00 284.00 304.00 320.00 340.00 369.00 391.00 398.00 403.00 409.00 418.00 435.00 459.00 472.00 475.00 478.00 477.00 475.00 470.00 462.00 453.00 442.00 429.00 414.00 390.00 368.00 352.00 336.00 322.00 310.00 299.00 287.00 275.00 262.00 251.00 241.00 231.00 223.00 216.00 213.00 211.00 210.00 210.00 210.00 211.00 211.00 211.00 211.00 211.00 211.00 211.00 211.00 211.00 211.00 211.00 211.00 211.00 211.00 211.00 211.00 211.00 211.00 211.00 211.00 211.00 211.00 211.00 211.00 211.00 211.00 210.00
272.00 279.00 300.00 317.00 333.00 358.00 386.00 398.00 402.00 408.00 420.00 434.00 450.00 462.00 466.00 467.00 467.00 465.00 459.00 452.00 443.00 432.00 418.00 400.00 376.00 358.00 344.00 332.00 320.00 309.00 297.00 284.00 270.00 257.00 244.00 233.00 224.00 219.00 215.00 212.00 211.00 210.00 210.00 210.00 211.00 211.00 211.00 211.00 211.00 211.00 211.00 211.00 211.00 211.00 211.00 211.00 211.00 211.00 211.00 211.00 211.00 211.00 211.00 211.00 211.00 211.00 211.00 211.00 211.00 211.00 210.00
268.00 271.00 288.00 309.00 326.00 349.00 374.00 392.00 405.00 414.00 423.00 431.00 440.00 447.00 448.00 451.00 453.00 452.00 449.00 443.00 434.00 421.00 402.00 383.00 366.00 349.00 333.00 322.00 313.00 304.00 292.00 276.00 261.00 246.00 233.00 223.00 218.00 215.00 213.00 212.00 211.00 210.00 210.00 210.00 211.00 211.00 211.00 211.00 211.00 211.00 211.00 211.00 211.00 211.00 211.00 211.00 211.00 211.00 211.00 211.00 211.00 211.00 211.00 211.00 211.00 211.00 211.00 211.00 211.00 211.00 211.00
263.00 265.00 279.00 301.00 318.00 339.00 360.00 372.00 383.00 394.00 404.00 415.00 422.00 424.00 426.00 430.00 433.00 437.00 438.00 435.00 425.00 409.00 388.00 371.00 356.00 339.00 323.00 314.00 307.00 298.00 285.00 268.00 253.00 239.00 228.00 220.00 216.00 213.00 212.00 211.00 210.00 210.00 210.00 211.00 211.00 211.00 211.00 211.00 211.00 211.00 211.00 211.00 211.00 211.00 211.00 211.00 211.00 211.00 211.00 211.00 211.00 211.00 211.00 211.00 211.00 211.00 211.00 211.00 211.00 211.00 211.00
259.00 262.00 275.00 294.00 310.00 323.00 338.00 350.00 361.00 373.00 385.00 394.00 400.00 406.00 413.00 419.00 423.00 426.00 427.00 423.00 416.00 402.00 379.00 361.00 346.00 329.00 316.00 309.00 301.00 290.00 276.00 261.00 248.00 236.00 226.00 219.00 215.00 213.00 212.00 211.00 210.00 210.00 210.00 211.00 211.00 211.00 211.00 211.00 211.00 211.00 211.00 211.00 211.00 211.00 211.00 211.00 211.00 211.00 211.00 211.00 211.00 211.00 211.00 211.00 211.00 211.00 211.00 211.00 211.00 211.00 211.00
256.00 261.00 273.00 291.00 304.00 317.00 332.00 345.00 353.00 362.00 370.00 379.00 386.00 391.00 399.00 410.00 415.00 416.00 416.00 412.00 399.00 380.00 364.00 350.00 336.00 322.00 312.00 304.00 294.00 283.00 270.00 257.00 244.00 231.00 222.00 217.00 214.00 212.00 211.00 210.00 210.00 210.00 210.00 211.00 211.00 211.00 211.00 211.00 211.00 211.00 211.00 211.00 211.00 211.00 211.00 211.00 211.00 211.00 211.00 211.00 211.00 211.00 211.00 211.00 211.00 211.00 211.00 211.00 211.00 211.00 211.00
252.00 258.00 270.00 289.00 299.00 312.00 329.00 340.00 347.00 353.00 360.00 367.00 373.00 379.00 387.00 398.00 406.00 406.00 405.00 398.00 383.00 365.00 352.00 339.00 326.00 314.00 305.00 297.00 287.00 276.00 265.00 253.00 237.00 225.00 219.00 215.00 213.00 212.00 211.00 210.00 210.00 210.00 211.00 211.00 211.00 211.00 211.00 211.00 211.00 211.00 211.00 211.00 211.00 211.00 211.00 211.00 211.00 211.00 211.00 211.00 211.00 211.00 211.00 211.00 211.00 211.00 211.00 211.00 211.00 211.00 211.00
248.00 255.00 268.00 286.00 294.00 306.00 324.00 335.00 341.00 347.00 353.00 360.00 365.00 369.00 376.00 385.00 392.00 394.00 391.00 382.00 367.00 351.00 341.00 328.00 316.00 305.00 296.00 289.00 279.00 267.00 255.00 241.00 228.00 219.00 215.00 213.00 212.00 211.00 210.00 210.00 210.00 210.00 211.00 211.00 211.00 211.00 211.00 211.00 211.00 211.00 211.00 211.00 211.00 211.00 211.00 211.00 211.00 211.00 211.00 211.00 211.00 211.00 211.00 211.00 211.00 211.00 211.00 211.00 211.00 211.00 211.00
246.00 253.00 264.00 278.00 286.00 297.00 314.00 327.00 336.00 344.00 349.00 352.00 355.00 358.00 362.00 369.00 375.00 377.00 374.00 366.00 351.00 336.00 326.00 315.00 303.00 293.00 286.00 279.00 268.00 255.00 241.00 228.00 219.00 215.00 212.00 212.00 211.00 211.00 210.00 210.00 210.00 211.00 211.00 211.00 211.00 211.00 211.00 211.00 211.00 211.00 211.00 211.00 211.00 211.00 211.00 211.00 211.00 211.00 211.00 211.00 211.00 211.00 211.00 211.00 211.00 211.00 211.00 211.00 211.00 211.00 211.00
245.00 251.00 259.00 269.00 277.00 286.00 298.00 311.00 322.00 333.00 343.00 346.00 347.00 348.00 350.00 353.00 357.00 359.00 358.00 349.00 333.00 320.00 310.00 300.00 290.00 284.00 277.00 268.00 255.00 240.00 227.00 218.00 214.00 212.00 211.00 211.00 211.00 211.00 210.00 210.00 211.00 211.00 211.00 211.00 211.00 211.00 211.00 211.00 211.00 211.00 211.00 211.00 211.00 211.00 211.00 211.00 211.00 211.00 211.00 211.00 211.00 211.00 211.00 211.00 211.00 211.00 211.00 211.00 211.00 211.00 211.00
243.00 248.00 256.00 265.00 272.00 278.00 287.00 298.00 312.00 325.00 334.00 337.00 339.00 340.00 340.00 341.00 343.00 344.00 341.00 331.00 317.00 307.00 298.00 290.00 283.00 275.00 267.00 254.00 239.00 227.00 218.00 214.00 212.00 211.00 211.00 211.00 211.00 210.00 210.00 210.00 211.00 211.00 211.00 211.00 211.00 211.00 211.00 211.00 211.00 211.00 211.00 211.00 211.00 211.00 211.00 211.00 211.00 211.00 211.00 211.00 211.00 211.00 211.00 211.00 211.00 211.00 211.00 211.00 211.00 211.00 211.00
239.00 247.00 255.00 264.00 269.00 274.00 281.00 292.00 308.00 321.00 328.00 330.00 330.00 332.00 332.00 331.00 331.00 329.00 323.00 315.00 305.00 296.00 289.00 283.00 275.00 267.00 257.00 243.00 229.00 219.00 214.00 212.00 211.00 211.00 211.00 211.00 211.00 210.00 211.00 211.00 211.00 211.00 211.00 211.00 211.00 211.00 211.00 211.00 211.00 211.00 211.00 211.00 211.00 211.00 211.00 211.00 211.00 211.00 211.00 211.00 211.00 211.00 211.00 211.00 211.00 211.00 211.00 211.00 211.00 211.00 211.00
233.00 244.00 254.00 263.00 267.00 271.00 279.00 292.00 308.00 320.00 326.00 327.00 327.00 327.00 326.00 323.00 318.00 313.00 307.00 298.00 290.00 284.00 279.00 274.00 268.00 260.00 248.00 234.00 222.00 215.00 212.00 211.00 211.00 211.00 211.00 210.00 210.00 211.00 211.00 211.00 211.00 211.00 211.00 211.00 211.00 211.00 211.00 211.00 211.00 211.00 211.00 211.00 211.00 211.00 211.00 211.00 211.00 211.00 211.00 211.00 211.00 211.00 211.00 211.00 211.00 211.00 211.00 211.00 211.00 211.00 211.00
230.00 238.00 241.00 244.00 257.00 268.00 277.00 293.00 310.00 320.00 324.00 325.00 325.00 325.00 322.00 315.00 307.00 299.00 291.00 283.00 278.00 275.00 269.00 265.00 262.00 254.00 241.00 227.00 217.00 212.00 211.00 211.00 211.00 211.00 210.00 210.00 211.00 211.00 211.00 211.00 211.00 211.00 211.00 211.00 211.00 211.00 211.00 211.00 211.00 211.00 211.00 211.00 211.00 211.00 211.00 211.00 211.00 211.00 211.00 211.00 211.00 211.00 211.00 211.00 211.00 211.00 211.00 211.00 211.00 211.00 210.00
226.00 227.00 223.00 224.00 241.00 263.00 278.00 295.00 309.00 315.00 319.00 321.00 323.00 322.00 317.00 307.00 295.00 286.00 279.00 275.00 272.00 267.00 261.00 258.00 254.00 246.00 232.00 220.00 213.00 211.00 211.00 211.00 211.00 210.00 210.00 211.00 211.00 211.00 211.00 211.00 211.00 211.00 211.00 211.00 211.00 211.00 211.00 211.00 211.00 211.00 211.00 211.00 211.00 211.00 211.00 211.00 211.00 211.00 211.00 211.00 211.00 211.00 211.00 211.00 211.00 211.00 211.00 211.00 211.00 211.00 210.00
222.00 221.00 220.00 221.00 238.00 263.00 281.00 296.00 305.00 308.00 310.00 313.00 317.00 316.00 308.00 295.00 281.00 274.00 271.00 268.00 265.00 260.00 258.00 253.00 248.00 239.00 226.00 216.00 212.00 211.00 211.00 211.00 210.00 210.00 211.00 211.00 211.00 211.00 211.00 211.00 211.00 211.00 211.00 211.00 211.00 211.00 211.00 211.00 211.00 211.00 211.00 211.00 211.00 211.00 211.00 211.00 211.00 211.00 211.00 211.00 211.00 211.00 211.00 211.00 211.00 211.00 211.00 211.00 211.00 211.00 210.00
219.00 220.00 220.00 224.00 244.00 267.00 284.00 296.00 303.00 304.00 305.00 306.00 309.00 308.00 296.00 279.00 268.00 263.00 259.00 258.00 257.00 255.00 252.00 246.00 240.00 231.00 220.00 214.00 211.00 211.00 211.00 210.00 210.00 211.00 211.00 211.00 211.00 211.00 211.00 211.00 211.00 211.00 211.00 211.00 211.00 211.00 211.00 211.00 211.00 211.00 211.00 211.00 211.00 211.00 211.00 211.00 211.00 211.00 211.00 211.00 211.00 211.00 211.00 211.00 211.00 211.00 211.00 211.00 211.00 211.00 210.00
226.00 240.00 241.00 239.00 253.00 272.00 287.00 297.00 301.00 301.00 301.00 302.00 303.00 298.00 284.00 268.00 258.00 249.00 244.00 244.00 244.00 242.00 238.00 232.00 226.00 221.00 216.00 212.00 211.00 210.00 210.00 210.00 211.00 211.00 211.00 211.00 211.00 211.00 211.00 211.00 211.00 211.00 211.00 211.00 211.00 211.00 211.00 211.00 211.00 211.00 211.00 211.00 211.00 211.00 211.00 211.00 211.00 211.00 211.00 211.00 211.00 211.00 211.00 211.00 211.00 211.00 211.00 211.00 211.00 210.00 210.00
237.00 242.00 246.00 255.00 265.00 278.00 290.00 296.00 297.00 297.00 296.00 294.00 291.00 283.00 269.00 254.00 242.00 234.00 229.00 228.00 227.00 224.00 221.00 219.00 216.00 214.00 212.00 211.00 210.00 210.00 210.00 211.00 211.00 211.00 211.00 211.00 211.00 211.00 211.00 211.00 211.00 211.00 211.00 211.00 211.00 211.00 211.00 211.00 211.00 211.00 211.00 211.00 211.00 211.00 211.00 211.00 211.00 211.00 211.00 211.00 211.00 211.00 211.00 211.00 211.00 211.00 211.00 211.00 211.00 210.00 210.00
235.00 228.00 227.00 240.00 257.00 273.00 285.00 288.00 291.00 291.00 287.00 282.00 277.00 268.00 255.00 241.00 230.00 223.00 220.00 218.00 217.00 216.00 214.00 213.00 212.00 211.00 210.00 210.00 210.00 210.00 211.00 211.00 211.00 211.00 211.00 211.00 211.00 211.00 211.00 211.00 211.00 211.00 211.00 211.00 211.00 211.00 211.00 211.00 211.00 211.00 211.00 211.00 211.00 211.00 211.00 211.00 211.00 211.00 211.00 211.00 211.00 211.00 211.00 211.00 211.00 211.00 211.00 211.00 211.00 210.00 210.00
231.00 222.00 216.00 220.00 226.00 233.00 249.00 264.00 274.00 278.00 276.00 271.00 265.00 255.00 242.00 230.00 221.00 217.00 215.00 213.00 212.00 211.00 211.00 210.00 210.00 209.00 209.00 210.00 210.00 211.00 211.00 211.00 211.00 211.00 211.00 211.00 211.00 211.00 211.00 211.00 211.00 211.00 211.00 211.00 211.00 211.00 211.00 211.00 211.00 211.00 211.00 211.00 211.00 211.00 211.00 211.00 211.00 211.00 211.00 211.00 211.00 211.00 211.00 211.00 211.00 211.00 211.00 211.00 211.00 210.00 210.00
225.00 218.00 214.00 213.00 215.00 217.00 219.00 224.00 237.00 252.00 260.00 259.00 252.00 239.00 226.00 219.00 215.00 213.00 211.00 210.00 210.00 210.00 209.00 209.00 209.00 210.00 210.00 210.00 211.00 211.00 211.00 211.00 211.00 211.00 211.00 211.00 211.00 211.00 211.00 211.00 211.00 211.00 211.00 211.00 211.00 211.00 211.00 211.00 211.00 211.00 211.00 211.00 211.00 211.00 211.00 211.00 211.00 211.00 211.00 211.00 211.00 211.00 211.00 211.00 211.00 211.00 211.00 211.00 211.00 210.00 210.00
220.00 216.00 213.00 211.00 211.00 213.00 214.00 217.00 220.00 226.00 232.00 234.00 229.00 221.00 215.00 212.00 211.00 210.00 210.00 209.00 209.00 209.00 209.00 210.00 210.00 210.00 211.00 211.00 211.00 211.00 211.00 211.00 211.00 211.00 211.00 211.00 211.00 211.00 211.00 211.00 211.00 211.00 211.00 211.00 211.00 211.00 211.00 211.00 211.00 211.00 211.00 211.00 211.00 211.00 211.00 211.00 211.00 211.00 211.00 211.00 211.00 211.00 211.00 211.00 211.00 211.00 211.00 211.00 211.00 210.00 210.00
214.00 213.00 212.00 211.00 211.00 211.00 212.00 213.00 214.00 214.00 213.00 212.00 211.00 211.00 210.00 209.00 209.00 209.00 209.00 209.00 210.00 210.00 210.00 210.00 211.00 211.00 211.00 211.00 211.00 211.00 211.00 212.00 212.00 212.00 212.00 212.00 212.00 212.00 212.00 212.00 212.00 212.00 212.00 211.00 211.00 211.00 211.00 211.00 211.00 211.00 211.00 211.00 211.00 211.00 211.00 211.00 211.00 211.00 211.00 211.00 211.00 211.00 211.00 211.00 211.00 211.00 211.00 211.00 211.00 210.00 210.00
212.00 211.00 211.00 211.00 211.00 211.00 211.00 211.00 211.00 210.00 210.00 210.00 210.00 209.00 209.00 209.00 209.00 209.00 210.00 210.00 211.00 211.00 211.00 211.00 211.00 212.00 212.00 212.00 212.00 212.00 212.00 212.00 212.00 212.00 212.00 212.00 212.00 212.00 212.00 212.00 212.00 212.00 212.00 212.00 212.00 211.00 211.00 211.00 211.00 211.00 211.00 211.00 211.00 211.00 211.00 211.00 211.00 211.00 211.00 211.00 211.00 211.00 211.00 211.00 211.00 211.00 211.00 211.00 210.00 210.00 210.00
210.00 210.00 210.00 210.00 210.00 210.00 210.00 210.00 210.00 210.00 210.00 210.00 210.00 209.00 209.00 209.00 210.00 211.00 211.00 211.00 211.00 211.00 212.00 212.00 212.00 212.00 212.00 212.00 212.00 212.00 212.00 212.00 212.00 212.00 212.00 212.00 212.00 212.00 212.00 212.00 212.00 212.00 212.00 212.00 212.00 212.00 211.00 211.00 211.00 211.00 211.00 211.00 211.00 211.00 211.00 211.00 211.00 211.00 211.00 211.00 211.00 211.00 211.00 211.00 211.00 211.00 211.00 211.00 210.00 210.00 210.00
210.00 210.00 210.00 210.00 210.00 210.00 210.00 210.00 210.00 210.00 210.00 210.00 210.00 210.00 210.00 211.00 211.00 212.00 212.00 212.00 212.00 212.00 212.00 212.00 212.00 212.00 212.00 212.00 212.00 212.00 212.00 212.00 212.00 212.00 212.00 212.00 212.00 212.00 212.00 212.00 212.00 212.00 212.00 212.00 212.00 212.00 211.00 211.00 211.00 211.00 211.00 211.00 211.00 211.00 211.00 211.00 211.00 211.00 211.00 211.00 211.00 211.00 211.00 211.00 211.00 211.00 211.00 211.00 210.00 210.00 210.00
210.00 210.00 210.00 210.00 210.00 210.00 210.00 210.00 210.00 211.00 211.00 211.00 211.00 211.00 211.00 212.00 212.00 212.00 212.00 212.00 212.00 212.00 212.00 212.00 212.00 212.00 212.00 212.00 212.00 212.00 212.00 212.00 212.00 212.00 212.00 212.00 212.00 212.00 212.00 212.00 212.00 212.00 212.00 212.00 212.00 212.00 212.00 211.00 211.00 211.00 211.00 211.00 211.00 211.00 211.00 211.00 211.00 211.00 211.00 211.00 211.00 211.00 211.00 211.00 211.00 211.00 211.00 211.00 210.00 210.00 210.00
210.00 210.00 210.00 210.00 210.00 211.00 211.00 211.00 211.00 212.00 212.00 211.00 211.00 212.00 212.00 212.00 212.00 213.00 213.00 213.00 213.00 213.00 213.00 212.00 212.00 212.00 212.00 212.00 212.00 212.00 212.00 212.00 212.00 212.00 212.00 212.00 212.00 212.00 212.00 212.00 212.00 212.00 212.00 212.00 212.00 212.00 212.00 211.00 211.00 211.00 211.00 211.00 211.00 211.00 211.00 211.00 211.00 211.00 211.00 211.00 211.00 211.00 211.00 211.00 211.00 211.00 211.00 211.00 210.00 210.00 210.00
211.00 211.00 211.00 211.00 211.00 211.00 211.00 212.00 212.00 212.00 212.00 212.00 212.00 212.00 212.00 213.00 213.00 213.00 213.00 213.00 213.00 213.00 213.00 212.00 212.00 212.00 212.00 212.00 212.00 212.00 212.00 212.00 212.00 212.00 212.00 212.00 212.00 212.00 212.00 212.00 212.00 212.00 212.00 212.00 212.00 212.00 212.00 211.00 211.00 211.00 211.00 211.00 211.00 211.00 211.00 211.00 211.00 211.00 211.00 211.00 211.00 211.00 211.00 211.00 211.00 211.00 211.00 211.00 210.00 210.00 210.00
211.00 211.00 211.00 211.00 211.00 212.00 212.00 212.00 212.00 213.00 213.00 213.00 213.00 213.00 213.00 213.00 213.00 213.00 213.00 213.00 213.00 213.00 213.00 212.00 212.00 212.00 212.00 212.00 212.00 212.00 212.00 212.00 212.00 212.00 212.00 212.00 212.00 212.00 212.00 212.00 212.00 212.00 212.00 212.00 212.00 212.00 211.00 211.00 211.00 211.00 211.00 211.00 211.00 211.00 211.00 211.00 211.00 211.00 211.00 211.00 211.00 211.00 211.00 211.00 211.00 211.00 211.00 211.00 210.00 210.00 210.00
