ressources/models/Grenoble_16_dalles/BDALTIV1_FXX_0900_6450_MNT_20120919_LAMB93_IGN69.asc
ncols        400
nrows        400
xllcorner    899987.50000000
yllcorner    6440012.50000000
cellsize     25.00000000
NODATA_value -99999.00
[rows 90 to 119 of 400, columns 272 to 339 of 400]
1175.00 1165.00 1156.00 1149.00 1141.00 1134.00 1125.00 1116.00 1105.00 1095.00 1085.00 1077.00 1070.00 1065.00 1060.00 1056.00 1049.00 1039.00 1028.00 1017.00 1008.00 1008.00 1012.00 1017.00 1019.00 1020.00 1018.00 1014.00 1009.00 1003.00 997.00 992.00 987.00 984.00 981.00 979.00 977.00 976.00 973.00 970.00 965.00 960.00 960.00 960.00 962.00 963.00 963.00 961.00 958.00 955.00 952.00 950.00 948.00 946.00 944.00 942.00 939.00 936.00 933.00 930.00 927.00 924.00 921.00 917.00 909.00 900.00 884.00 851.00
1173.00 1162.00 1152.00 1143.00 1137.00 1129.00 1119.00 1109.00 1099.00 1089.00 1081.00 1075.00 1071.00 1067.00 1063.00 1059.00 1053.00 1046.00 1039.00 1031.00 1021.00 1018.00 1020.00 1023.00 1025.00 1024.00 1021.00 1016.00 1010.00 1004.00 998.00 992.00 988.00 985.00 982.00 980.00 978.00 976.00 974.00 970.00 966.00 963.00 963.00 964.00 966.00 967.00 968.00 967.00 964.00 961.00 958.00 955.00 954.00 952.00 950.00 948.00 946.00 943.00 940.00 937.00 934.00 932.00 929.00 925.00 916.00 906.00 886.00 845.00
1172.00 1161.00 1151.00 1142.00 1134.00 1127.00 1117.00 1109.00 1102.00 1093.00 1083.00 1078.00 1075.00 1071.00 1067.00 1063.00 1059.00 1053.00 1048.00 1042.00 1034.00 1029.00 1029.00 1031.00 1031.00 1029.00 1024.00 1018.00 1011.00 1003.00 997.00 992.00 988.00 985.00 982.00 980.00 978.00 976.00 974.00 971.00 968.00 967.00 967.00 969.00 970.00 971.00 972.00 971.00 969.00 966.00 963.00 961.00 960.00 958.00 956.00 954.00 952.00 950.00 947.00 944.00 942.00 939.00 937.00 933.00 928.00 915.00 889.00 838.00
1173.00 1163.00 1153.00 1145.00 1137.00 1131.00 1123.00 1117.00 1111.00 1102.00 1092.00 1086.00 1081.00 1077.00 1073.00 1069.00 1065.00 1060.00 1055.00 1049.00 1043.00 1039.00 1038.00 1038.00 1037.00 1034.00 1028.00 1020.00 1011.00 1002.00 996.00 992.00 988.00 985.00 983.00 981.00 979.00 977.00 975.00 973.00 971.00 971.00 971.00 973.00 974.00 975.00 976.00 975.00 974.00 972.00 969.00 967.00 965.00 964.00 962.00 960.00 959.00 957.00 954.00 952.00 949.00 947.00 944.00 941.00 935.00 923.00 891.00 828.00
1178.00 1167.00 1158.00 1152.00 1146.00 1138.00 1131.00 1126.00 1120.00 1113.00 1103.00 1096.00 1089.00 1084.00 1080.00 1075.00 1071.00 1065.00 1059.00 1053.00 1048.00 1045.00 1045.00 1045.00 1043.00 1039.00 1031.00 1021.00 1010.00 1000.00 996.00 991.00 988.00 986.00 984.00 982.00 980.00 978.00 977.00 975.00 975.00 975.00 975.00 977.00 978.00 979.00 980.00 980.00 979.00 977.00 975.00 973.00 971.00 970.00 968.00 966.00 965.00 964.00 962.00 959.00 957.00 955.00 951.00 948.00 942.00 930.00 892.00 820.00
1186.00 1175.00 1165.00 1161.00 1154.00 1146.00 1139.00 1133.00 1128.00 1121.00 1113.00 1106.00 1099.00 1093.00 1088.00 1083.00 1077.00 1070.00 1063.00 1056.00 1052.00 1051.00 1051.00 1050.00 1048.00 1043.00 1034.00 1021.00 1008.00 1000.00 995.00 992.00 989.00 987.00 985.00 983.00 982.00 980.00 979.00 978.00 978.00 978.00 979.00 980.00 982.00 983.00 984.00 984.00 984.00 983.00 982.00 980.00 978.00 976.00 974.00 972.00 971.00 971.00 969.00 968.00 966.00 963.00 960.00 956.00 950.00 939.00 902.00 821.00
1196.00 1186.00 1176.00 1169.00 1162.00 1153.00 1146.00 1140.00 1134.00 1128.00 1121.00 1115.00 1108.00 1101.00 1095.00 1089.00 1082.00 1075.00 1067.00 1060.00 1058.00 1057.00 1056.00 1055.00 1052.00 1046.00 1035.00 1022.00 1007.00 1000.00 996.00 992.00 990.00 988.00 986.00 985.00 983.00 982.00 981.00 981.00 981.00 982.00 983.00 984.00 985.00 987.00 989.00 990.00 990.00 990.00 989.00 987.00 985.00 983.00 981.00 979.00 979.00 978.00 977.00 977.00 975.00 973.00 971.00 967.00 961.00 952.00 920.00 836.00
1205.00 1196.00 1185.00 1177.00 1168.00 1160.00 1152.00 1146.00 1140.00 1134.00 1128.00 1122.00 1115.00 1108.00 1100.00 1093.00 1087.00 1079.00 1071.00 1066.00 1064.00 1063.00 1061.00 1058.00 1054.00 1046.00 1036.00 1022.00 1009.00 1000.00 997.00 994.00 992.00 990.00 988.00 987.00 985.00 985.00 984.00 984.00 984.00 985.00 986.00 987.00 989.00 991.00 994.00 996.00 997.00 997.00 996.00 995.00 993.00 990.00 989.00 987.00 987.00 986.00 986.00 986.00 985.00 984.00 982.00 978.00 971.00 957.00 926.00 861.00
1214.00 1204.00 1194.00 1184.00 1175.00 1166.00 1158.00 1151.00 1145.00 1139.00 1133.00 1127.00 1121.00 1113.00 1104.00 1096.00 1089.00 1081.00 1075.00 1072.00 1070.00 1069.00 1065.00 1061.00 1055.00 1046.00 1035.00 1023.00 1011.00 1003.00 999.00 996.00 994.00 992.00 990.00 989.00 988.00 987.00 987.00 987.00 988.00 988.00 990.00 991.00 993.00 996.00 999.00 1002.00 1005.00 1006.00 1006.00 1004.00 1002.00 1000.00 999.00 998.00 996.00 996.00 996.00 996.00 996.00 995.00 993.00 989.00 979.00 961.00 923.00 863.00
1220.00 1211.00 1201.00 1191.00 1181.00 1172.00 1163.00 1156.00 1150.00 1143.00 1137.00 1132.00 1124.00 1116.00 1107.00 1098.00 1090.00 1083.00 1079.00 1078.00 1077.00 1075.00 1070.00 1064.00 1057.00 1046.00 1035.00 1024.00 1014.00 1006.00 1002.00 1000.00 997.00 994.00 992.00 991.00 990.00 990.00 990.00 990.00 991.00 992.00 993.00 995.00 998.00 1002.00 1006.00 1010.00 1013.00 1015.00 1016.00 1016.00 1015.00 1013.00 1012.00 1010.00 1008.00 1006.00 1005.00 1006.00 1006.00 1006.00 1004.00 999.00 987.00 961.00 911.00 849.00
1226.00 1216.00 1206.00 1196.00 1187.00 1177.00 1169.00 1161.00 1154.00 1148.00 1141.00 1135.00 1127.00 1118.00 1108.00 1099.00 1093.00 1089.00 1086.00 1085.00 1084.00 1081.00 1075.00 1069.00 1059.00 1047.00 1035.00 1025.00 1016.00 1010.00 1006.00 1003.00 1000.00 997.00 995.00 994.00 993.00 992.00 992.00 993.00 995.00 996.00 997.00 1000.00 1004.00 1009.00 1014.00 1019.00 1023.00 1025.00 1027.00 1028.00 1029.00 1028.00 1026.00 1023.00 1020.00 1017.00 1016.00 1016.00 1017.00 1016.00 1013.00 1007.00 988.00 949.00 893.00 833.00
1231.00 1221.00 1211.00 1201.00 1192.00 1183.00 1174.00 1166.00 1159.00 1152.00 1144.00 1136.00 1128.00 1118.00 1110.00 1102.00 1098.00 1096.00 1094.00 1093.00 1091.00 1088.00 1082.00 1075.00 1062.00 1047.00 1035.00 1026.00 1018.00 1013.00 1009.00 1006.00 1004.00 1001.00 998.00 996.00 995.00 995.00 995.00 996.00 998.00 1000.00 1002.00 1006.00 1011.00 1017.00 1024.00 1029.00 1033.00 1035.00 1038.00 1040.00 1041.00 1041.00 1040.00 1037.00 1033.00 1029.00 1028.00 1027.00 1027.00 1024.00 1019.00 1009.00 985.00 937.00 876.00 822.00
1235.00 1225.00 1215.00 1205.00 1196.00 1187.00 1178.00 1171.00 1163.00 1156.00 1148.00 1137.00 1126.00 1117.00 1111.00 1107.00 1105.00 1104.00 1102.00 1100.00 1098.00 1094.00 1089.00 1080.00 1064.00 1048.00 1035.00 1026.00 1019.00 1014.00 1011.00 1009.00 1006.00 1004.00 1001.00 999.00 998.00 997.00 997.00 998.00 1000.00 1003.00 1007.00 1012.00 1019.00 1026.00 1032.00 1038.00 1042.00 1045.00 1048.00 1051.00 1053.00 1053.00 1052.00 1049.00 1045.00 1042.00 1041.00 1039.00 1036.00 1031.00 1021.00 1006.00 980.00 929.00 867.00 814.00
1240.00 1229.00 1218.00 1208.00 1199.00 1191.00 1182.00 1175.00 1168.00 1161.00 1152.00 1140.00 1127.00 1117.00 1113.00 1113.00 1113.00 1111.00 1109.00 1106.00 1103.00 1100.00 1094.00 1083.00 1065.00 1048.00 1036.00 1027.00 1020.00 1016.00 1013.00 1011.00 1009.00 1006.00 1004.00 1002.00 1001.00 1000.00 999.00 1000.00 1003.00 1008.00 1013.00 1019.00 1026.00 1033.00 1040.00 1045.00 1050.00 1054.00 1058.00 1061.00 1063.00 1063.00 1061.00 1059.00 1057.00 1055.00 1054.00 1051.00 1045.00 1037.00 1023.00 1002.00 971.00 921.00 861.00 810.00
1244.00 1232.00 1221.00 1211.00 1201.00 1193.00 1186.00 1179.00 1173.00 1166.00 1157.00 1145.00 1131.00 1119.00 1119.00 1120.00 1121.00 1119.00 1115.00 1112.00 1108.00 1103.00 1096.00 1084.00 1066.00 1048.00 1036.00 1027.00 1021.00 1018.00 1015.00 1013.00 1011.00 1009.00 1007.00 1006.00 1004.00 1004.00 1003.00 1004.00 1007.00 1012.00 1018.00 1025.00 1033.00 1040.00 1046.00 1051.00 1056.00 1061.00 1065.00 1069.00 1072.00 1071.00 1069.00 1067.00 1067.00 1067.00 1066.00 1063.00 1055.00 1043.00 1023.00 995.00 959.00 910.00 855.00 804.00
1246.00 1234.00 1223.00 1213.00 1203.00 1195.00 1189.00 1183.00 1177.00 1170.00 1162.00 1150.00 1136.00 1125.00 1125.00 1127.00 1127.00 1125.00 1121.00 1117.00 1112.00 1105.00 1096.00 1083.00 1065.00 1048.00 1036.00 1028.00 1023.00 1019.00 1017.00 1015.00 1013.00 1011.00 1010.00 1009.00 1008.00 1007.00 1007.00 1008.00 1012.00 1017.00 1023.00 1031.00 1038.00 1045.00 1051.00 1056.00 1061.00 1066.00 1071.00 1076.00 1080.00 1080.00 1078.00 1075.00 1074.00 1075.00 1075.00 1072.00 1062.00 1044.00 1021.00 990.00 951.00 902.00 850.00 796.00
1248.00 1237.00 1226.00 1216.00 1206.00 1198.00 1191.00 1186.00 1180.00 1173.00 1165.00 1154.00 1142.00 1132.00 1133.00 1134.00 1133.00 1131.00 1127.00 1122.00 1115.00 1106.00 1095.00 1080.00 1063.00 1047.00 1036.00 1029.00 1024.00 1021.00 1019.00 1018.00 1016.00 1014.00 1013.00 1012.00 1011.00 1010.00 1011.00 1013.00 1017.00 1022.00 1029.00 1036.00 1043.00 1049.00 1055.00 1060.00 1064.00 1069.00 1076.00 1082.00 1087.00 1090.00 1088.00 1081.00 1078.00 1079.00 1080.00 1076.00 1065.00 1043.00 1012.00 981.00 943.00 895.00 848.00 795.00
1250.00 1239.00 1229.00 1220.00 1210.00 1202.00 1195.00 1189.00 1182.00 1175.00 1167.00 1158.00 1146.00 1142.00 1142.00 1142.00 1140.00 1136.00 1132.00 1126.00 1118.00 1107.00 1093.00 1077.00 1061.00 1046.00 1036.00 1029.00 1025.00 1023.00 1021.00 1020.00 1018.00 1016.00 1015.00 1014.00 1014.00 1014.00 1015.00 1017.00 1021.00 1027.00 1034.00 1041.00 1048.00 1055.00 1060.00 1064.00 1067.00 1072.00 1078.00 1086.00 1092.00 1097.00 1096.00 1087.00 1081.00 1080.00 1079.00 1074.00 1059.00 1032.00 996.00 967.00 930.00 884.00 842.00 793.00
1253.00 1244.00 1234.00 1225.00 1215.00 1207.00 1199.00 1191.00 1184.00 1176.00 1169.00 1161.00 1153.00 1151.00 1151.00 1149.00 1146.00 1141.00 1136.00 1129.00 1121.00 1108.00 1091.00 1075.00 1059.00 1046.00 1036.00 1030.00 1027.00 1025.00 1023.00 1022.00 1021.00 1019.00 1018.00 1017.00 1016.00 1017.00 1018.00 1021.00 1025.00 1031.00 1038.00 1046.00 1054.00 1060.00 1065.00 1069.00 1071.00 1074.00 1081.00 1088.00 1095.00 1099.00 1097.00 1089.00 1082.00 1080.00 1076.00 1063.00 1036.00 1002.00 974.00 948.00 910.00 869.00 833.00 789.00
1258.00 1249.00 1240.00 1230.00 1220.00 1210.00 1202.00 1193.00 1185.00 1177.00 1170.00 1163.00 1159.00 1159.00 1158.00 1155.00 1151.00 1145.00 1138.00 1130.00 1121.00 1107.00 1091.00 1074.00 1059.00 1046.00 1037.00 1032.00 1029.00 1027.00 1026.00 1024.00 1023.00 1021.00 1020.00 1019.00 1019.00 1020.00 1022.00 1025.00 1029.00 1035.00 1043.00 1051.00 1060.00 1067.00 1072.00 1074.00 1076.00 1079.00 1084.00 1090.00 1096.00 1098.00 1095.00 1089.00 1082.00 1076.00 1065.00 1038.00 999.00 966.00 943.00 918.00 885.00 854.00 819.00 782.00
1262.00 1253.00 1244.00 1233.00 1222.00 1213.00 1203.00 1195.00 1186.00 1178.00 1171.00 1166.00 1165.00 1165.00 1163.00 1160.00 1154.00 1148.00 1140.00 1130.00 1119.00 1106.00 1091.00 1075.00 1060.00 1047.00 1039.00 1035.00 1032.00 1029.00 1028.00 1027.00 1025.00 1023.00 1022.00 1022.00 1022.00 1023.00 1025.00 1028.00 1034.00 1040.00 1049.00 1058.00 1066.00 1073.00 1078.00 1080.00 1082.00 1084.00 1088.00 1093.00 1096.00 1097.00 1094.00 1088.00 1080.00 1068.00 1044.00 1004.00 963.00 936.00 917.00 894.00 867.00 837.00 804.00 773.00
1263.00 1254.00 1245.00 1234.00 1224.00 1215.00 1206.00 1197.00 1189.00 1181.00 1174.00 1172.00 1171.00 1169.00 1167.00 1162.00 1156.00 1149.00 1140.00 1130.00 1118.00 1105.00 1090.00 1075.00 1061.00 1050.00 1043.00 1039.00 1035.00 1032.00 1030.00 1029.00 1027.00 1025.00 1024.00 1024.00 1024.00 1026.00 1028.00 1032.00 1038.00 1046.00 1056.00 1065.00 1073.00 1079.00 1083.00 1086.00 1087.00 1089.00 1092.00 1095.00 1097.00 1097.00 1093.00 1086.00 1075.00 1053.00 1018.00 975.00 939.00 914.00 896.00 875.00 851.00 822.00 790.00 760.00
1262.00 1253.00 1244.00 1235.00 1227.00 1220.00 1211.00 1201.00 1192.00 1185.00 1180.00 1178.00 1176.00 1173.00 1169.00 1164.00 1157.00 1150.00 1141.00 1130.00 1117.00 1103.00 1089.00 1075.00 1063.00 1054.00 1048.00 1044.00 1039.00 1036.00 1033.00 1031.00 1029.00 1028.00 1027.00 1027.00 1028.00 1029.00 1032.00 1036.00 1044.00 1053.00 1063.00 1072.00 1079.00 1085.00 1088.00 1090.00 1092.00 1094.00 1096.00 1098.00 1098.00 1097.00 1092.00 1084.00 1068.00 1037.00 994.00 955.00 925.00 901.00 882.00 862.00 838.00 810.00 779.00 746.00
1262.00 1255.00 1247.00 1240.00 1234.00 1227.00 1216.00 1204.00 1194.00 1189.00 1186.00 1184.00 1181.00 1177.00 1171.00 1165.00 1158.00 1149.00 1140.00 1129.00 1116.00 1102.00 1087.00 1075.00 1065.00 1057.00 1052.00 1048.00 1044.00 1039.00 1036.00 1033.00 1032.00 1030.00 1029.00 1030.00 1031.00 1033.00 1037.00 1042.00 1051.00 1061.00 1071.00 1079.00 1085.00 1089.00 1092.00 1094.00 1096.00 1098.00 1099.00 1100.00 1099.00 1097.00 1092.00 1080.00 1059.00 1022.00 975.00 940.00 912.00 889.00 869.00 849.00 826.00 798.00 763.00 730.00
1268.00 1262.00 1254.00 1248.00 1241.00 1234.00 1222.00 1209.00 1198.00 1195.00 1193.00 1190.00 1185.00 1179.00 1172.00 1165.00 1157.00 1149.00 1139.00 1127.00 1115.00 1100.00 1086.00 1074.00 1066.00 1060.00 1055.00 1052.00 1048.00 1044.00 1040.00 1036.00 1034.00 1033.00 1033.00 1034.00 1036.00 1039.00 1043.00 1050.00 1060.00 1070.00 1079.00 1086.00 1090.00 1094.00 1096.00 1098.00 1100.00 1101.00 1102.00 1102.00 1101.00 1097.00 1090.00 1075.00 1047.00 1007.00 961.00 927.00 900.00 877.00 857.00 838.00 815.00 784.00 748.00 716.00
1275.00 1268.00 1261.00 1253.00 1247.00 1239.00 1227.00 1214.00 1204.00 1202.00 1199.00 1194.00 1188.00 1180.00 1173.00 1165.00 1156.00 1147.00 1137.00 1125.00 1113.00 1099.00 1085.00 1074.00 1067.00 1062.00 1058.00 1055.00 1052.00 1048.00 1044.00 1040.00 1037.00 1036.00 1036.00 1038.00 1041.00 1045.00 1052.00 1060.00 1070.00 1079.00 1086.00 1091.00 1095.00 1098.00 1100.00 1102.00 1103.00 1104.00 1105.00 1104.00 1101.00 1096.00 1086.00 1069.00 1038.00 995.00 950.00 914.00 886.00 866.00 849.00 831.00 806.00 771.00 736.00 710.00
1281.00 1272.00 1264.00 1256.00 1249.00 1240.00 1229.00 1219.00 1212.00 1209.00 1204.00 1196.00 1188.00 1180.00 1171.00 1163.00 1154.00 1145.00 1135.00 1124.00 1111.00 1097.00 1085.00 1075.00 1068.00 1064.00 1061.00 1058.00 1054.00 1051.00 1047.00 1043.00 1040.00 1040.00 1042.00 1044.00 1048.00 1054.00 1061.00 1070.00 1079.00 1087.00 1092.00 1096.00 1099.00 1102.00 1104.00 1105.00 1107.00 1107.00 1107.00 1106.00 1102.00 1095.00 1084.00 1066.00 1034.00 985.00 939.00 901.00 875.00 860.00 845.00 825.00 799.00 764.00 731.00 708.00
1282.00 1273.00 1264.00 1256.00 1248.00 1238.00 1229.00 1223.00 1220.00 1214.00 1206.00 1196.00 1186.00 1177.00 1168.00 1160.00 1151.00 1142.00 1132.00 1122.00 1109.00 1096.00 1085.00 1076.00 1070.00 1066.00 1063.00 1060.00 1057.00 1053.00 1050.00 1046.00 1044.00 1045.00 1049.00 1053.00 1058.00 1064.00 1070.00 1079.00 1087.00 1093.00 1097.00 1101.00 1104.00 1106.00 1108.00 1109.00 1110.00 1111.00 1110.00 1108.00 1103.00 1095.00 1084.00 1065.00 1029.00 975.00 928.00 895.00 874.00 861.00 845.00 823.00 797.00 762.00 730.00 708.00
1280.00 1270.00 1261.00 1252.00 1246.00 1238.00 1233.00 1232.00 1228.00 1218.00 1206.00 1194.00 1183.00 1173.00 1164.00 1155.00 1147.00 1138.00 1129.00 1119.00 1107.00 1096.00 1086.00 1078.00 1073.00 1069.00 1066.00 1062.00 1059.00 1056.00 1053.00 1052.00 1051.00 1054.00 1058.00 1064.00 1069.00 1074.00 1080.00 1087.00 1093.00 1098.00 1102.00 1105.00 1108.00 1110.00 1112.00 1113.00 1114.00 1114.00 1112.00 1109.00 1104.00 1096.00 1085.00 1066.00 1028.00 974.00 926.00 898.00 880.00 866.00 848.00 824.00 796.00 763.00 732.00 710.00
1275.00 1266.00 1258.00 1253.00 1249.00 1244.00 1242.00 1242.00 1236.00 1222.00 1206.00 1192.00 1179.00 1168.00 1159.00 1151.00 1142.00 1134.00 1125.00 1115.00 1105.00 1096.00 1088.00 1082.00 1076.00 1072.00 1069.00 1066.00 1063.00 1061.00 1059.00 1059.00 1061.00 1065.00 1070.00 1075.00 1080.00 1085.00 1089.00 1094.00 1099.00 1103.00 1106.00 1109.00 1112.00 1114.00 1116.00 1117.00 1117.00 1116.00 1114.00 1111.00 1106.00 1098.00 1089.00 1074.00 1042.00 992.00 941.00 907.00 890.00 875.00 854.00 827.00 797.00 764.00 736.00 715.00
