ressources/models/Grenoble_16_dalles/BDALTIV1_FXX_0910_6460_MNT_20120919_LAMB93_IGN69.asc
ncols        400
nrows        400
xllcorner    909987.50000000
yllcorner    6450012.50000000
cellsize     25.00000000
NODATA_value -99999.00
[rows 352 to 383 of 400, columns 142 to 212 of 400]
333.00 342.00 348.00 353.00 356.00 357.00 357.00 357.00 358.00 362.00 365.00 367.00 367.00 367.00 365.00 361.00 355.00 348.00 340.00 330.00 319.00 308.00 304.00 303.00 308.00 316.00 325.00 338.00 351.00 363.00 373.00 380.00 386.00 391.00 395.00 400.00 402.00 403.00 404.00 406.00 406.00 404.00 402.00 400.00 398.00 397.00 399.00 403.00 406.00 408.00 408.00 408.00 407.00 407.00 406.00 407.00 407.00 408.00 408.00 408.00 408.00 408.00 407.00 407.00 406.00 406.00 405.00 405.00 404.00 404.00 404.00
332.00 339.00 346.00 352.00 357.00 359.00 358.00 358.00 358.00 361.00 365.00 368.00 370.00 372.00 373.00 371.00 366.00 360.00 353.00 343.00 331.00 318.00 309.00 303.00 305.00 311.00 319.00 330.00 344.00 357.00 368.00 376.00 383.00 388.00 393.00 397.00 398.00 399.00 400.00 402.00 402.00 400.00 397.00 395.00 394.00 394.00 400.00 404.00 406.00 406.00 406.00 406.00 405.00 404.00 404.00 404.00 404.00 405.00 406.00 406.00 406.00 405.00 405.00 404.00 404.00 403.00 402.00 402.00 401.00 401.00 401.00
334.00 337.00 343.00 350.00 357.00 360.00 360.00 359.00 358.00 361.00 364.00 367.00 371.00 375.00 379.00 379.00 374.00 369.00 363.00 354.00 342.00 330.00 317.00 307.00 305.00 308.00 315.00 324.00 337.00 351.00 363.00 372.00 379.00 385.00 388.00 390.00 392.00 393.00 394.00 395.00 395.00 394.00 392.00 390.00 390.00 396.00 401.00 403.00 404.00 405.00 404.00 403.00 402.00 402.00 401.00 401.00 402.00 403.00 404.00 404.00 404.00 403.00 402.00 402.00 401.00 401.00 400.00 399.00 399.00 399.00 398.00
339.00 337.00 340.00 347.00 355.00 360.00 362.00 361.00 360.00 361.00 363.00 367.00 371.00 376.00 380.00 383.00 381.00 375.00 370.00 362.00 352.00 340.00 326.00 313.00 307.00 307.00 311.00 318.00 329.00 343.00 358.00 368.00 375.00 379.00 382.00 383.00 384.00 385.00 385.00 386.00 388.00 388.00 387.00 386.00 388.00 392.00 397.00 400.00 401.00 401.00 401.00 400.00 400.00 400.00 400.00 400.00 401.00 402.00 402.00 402.00 401.00 401.00 400.00 399.00 399.00 398.00 398.00 397.00 397.00 397.00 396.00
345.00 340.00 338.00 343.00 351.00 358.00 362.00 363.00 362.00 362.00 364.00 367.00 371.00 374.00 378.00 383.00 385.00 381.00 375.00 369.00 360.00 349.00 335.00 322.00 312.00 308.00 309.00 314.00 322.00 335.00 350.00 362.00 368.00 372.00 374.00 375.00 376.00 376.00 376.00 377.00 379.00 381.00 382.00 383.00 385.00 387.00 389.00 391.00 393.00 395.00 396.00 397.00 399.00 399.00 399.00 399.00 400.00 400.00 400.00 400.00 399.00 399.00 398.00 397.00 397.00 397.00 396.00 396.00 396.00 395.00 395.00
351.00 345.00 341.00 340.00 345.00 354.00 360.00 363.00 364.00 364.00 365.00 367.00 370.00 372.00 376.00 380.00 384.00 383.00 379.00 374.00 367.00 358.00 345.00 331.00 319.00 311.00 309.00 310.00 317.00 327.00 340.00 352.00 360.00 364.00 366.00 367.00 367.00 368.00 368.00 369.00 372.00 374.00 377.00 380.00 380.00 380.00 381.00 382.00 385.00 389.00 391.00 395.00 399.00 400.00 400.00 400.00 399.00 399.00 398.00 398.00 397.00 397.00 396.00 396.00 395.00 395.00 395.00 394.00 394.00 394.00 394.00
356.00 351.00 346.00 343.00 342.00 349.00 357.00 362.00 364.00 365.00 366.00 367.00 369.00 370.00 373.00 377.00 380.00 382.00 381.00 378.00 372.00 364.00 354.00 341.00 327.00 317.00 312.00 310.00 313.00 320.00 330.00 341.00 349.00 354.00 356.00 357.00 356.00 358.00 361.00 365.00 370.00 375.00 378.00 379.00 378.00 378.00 380.00 383.00 387.00 391.00 394.00 398.00 400.00 401.00 401.00 400.00 399.00 397.00 396.00 396.00 395.00 395.00 394.00 394.00 394.00 394.00 393.00 393.00 393.00 393.00 393.00
360.00 356.00 351.00 347.00 344.00 346.00 353.00 360.00 363.00 365.00 366.00 367.00 368.00 369.00 371.00 374.00 377.00 380.00 381.00 379.00 375.00 369.00 361.00 350.00 337.00 325.00 317.00 312.00 313.00 317.00 323.00 331.00 339.00 343.00 345.00 348.00 354.00 361.00 366.00 371.00 376.00 380.00 381.00 382.00 383.00 385.00 387.00 390.00 394.00 398.00 400.00 401.00 401.00 401.00 401.00 400.00 397.00 395.00 394.00 393.00 393.00 393.00 393.00 392.00 392.00 392.00 392.00 392.00 392.00 392.00 392.00
362.00 359.00 355.00 351.00 347.00 346.00 351.00 357.00 362.00 364.00 366.00 367.00 368.00 368.00 369.00 371.00 374.00 377.00 379.00 379.00 376.00 371.00 366.00 358.00 347.00 335.00 324.00 317.00 315.00 315.00 318.00 324.00 330.00 335.00 341.00 350.00 361.00 369.00 375.00 380.00 385.00 386.00 387.00 388.00 390.00 391.00 393.00 395.00 399.00 401.00 401.00 401.00 402.00 402.00 401.00 399.00 396.00 393.00 392.00 391.00 391.00 391.00 391.00 391.00 391.00 391.00 391.00 390.00 390.00 390.00 391.00
363.00 361.00 358.00 354.00 350.00 348.00 351.00 355.00 359.00 363.00 365.00 366.00 367.00 368.00 368.00 370.00 372.00 374.00 376.00 377.00 375.00 372.00 367.00 362.00 356.00 344.00 332.00 323.00 318.00 316.00 316.00 321.00 326.00 333.00 344.00 357.00 367.00 375.00 382.00 387.00 391.00 392.00 392.00 393.00 394.00 395.00 396.00 398.00 400.00 401.00 401.00 401.00 402.00 401.00 400.00 397.00 393.00 391.00 390.00 389.00 389.00 389.00 389.00 389.00 389.00 389.00 389.00 389.00 389.00 389.00 389.00
364.00 362.00 360.00 357.00 353.00 351.00 351.00 354.00 358.00 361.00 364.00 365.00 366.00 367.00 368.00 368.00 370.00 372.00 374.00 375.00 374.00 372.00 369.00 365.00 360.00 352.00 341.00 330.00 322.00 317.00 316.00 320.00 326.00 335.00 347.00 359.00 369.00 379.00 387.00 392.00 395.00 396.00 397.00 397.00 398.00 398.00 399.00 399.00 401.00 401.00 401.00 401.00 401.00 400.00 398.00 394.00 391.00 389.00 388.00 388.00 388.00 388.00 388.00 388.00 388.00 387.00 387.00 387.00 387.00 387.00 387.00
364.00 363.00 361.00 358.00 355.00 353.00 353.00 355.00 357.00 360.00 363.00 365.00 366.00 366.00 367.00 368.00 369.00 370.00 372.00 373.00 373.00 372.00 370.00 368.00 364.00 359.00 350.00 339.00 328.00 320.00 317.00 320.00 326.00 335.00 347.00 359.00 370.00 380.00 389.00 395.00 398.00 399.00 399.00 400.00 400.00 400.00 400.00 400.00 401.00 400.00 400.00 400.00 399.00 398.00 395.00 392.00 389.00 388.00 387.00 387.00 387.00 387.00 387.00 386.00 386.00 386.00 386.00 385.00 385.00 385.00 385.00
365.00 363.00 361.00 359.00 357.00 355.00 355.00 356.00 357.00 360.00 362.00 364.00 365.00 366.00 367.00 367.00 368.00 369.00 370.00 371.00 372.00 372.00 371.00 370.00 367.00 363.00 357.00 347.00 336.00 325.00 319.00 320.00 324.00 334.00 346.00 358.00 369.00 380.00 389.00 395.00 399.00 400.00 400.00 400.00 400.00 400.00 400.00 400.00 400.00 400.00 400.00 399.00 398.00 396.00 393.00 391.00 389.00 387.00 387.00 386.00 386.00 386.00 386.00 385.00 385.00 385.00 384.00 384.00 383.00 383.00 383.00
365.00 364.00 362.00 360.00 358.00 357.00 357.00 357.00 358.00 360.00 361.00 363.00 364.00 365.00 366.00 367.00 368.00 369.00 370.00 371.00 371.00 371.00 372.00 371.00 369.00 366.00 361.00 354.00 343.00 331.00 322.00 319.00 323.00 333.00 345.00 358.00 369.00 379.00 388.00 395.00 399.00 400.00 400.00 400.00 400.00 400.00 400.00 400.00 400.00 399.00 399.00 398.00 396.00 394.00 392.00 390.00 388.00 387.00 386.00 386.00 386.00 385.00 385.00 385.00 384.00 383.00 383.00 382.00 381.00 381.00 381.00
366.00 364.00 363.00 361.00 359.00 359.00 359.00 359.00 359.00 360.00 362.00 363.00 364.00 365.00 366.00 367.00 368.00 369.00 369.00 370.00 370.00 371.00 372.00 372.00 370.00 368.00 364.00 359.00 349.00 337.00 325.00 318.00 322.00 333.00 346.00 358.00 369.00 379.00 388.00 395.00 398.00 400.00 400.00 400.00 400.00 400.00 400.00 400.00 399.00 398.00 397.00 396.00 395.00 393.00 391.00 389.00 388.00 387.00 386.00 386.00 385.00 385.00 385.00 384.00 383.00 382.00 381.00 381.00 380.00 379.00 379.00
367.00 365.00 364.00 362.00 361.00 360.00 360.00 360.00 361.00 361.00 362.00 363.00 364.00 365.00 366.00 367.00 368.00 369.00 369.00 370.00 370.00 371.00 372.00 372.00 371.00 369.00 366.00 362.00 354.00 342.00 329.00 320.00 322.00 334.00 347.00 359.00 370.00 380.00 389.00 395.00 398.00 399.00 399.00 400.00 400.00 400.00 400.00 399.00 398.00 397.00 396.00 395.00 393.00 392.00 390.00 389.00 388.00 387.00 386.00 386.00 385.00 385.00 385.00 384.00 383.00 382.00 380.00 380.00 379.00 379.00 378.00
368.00 366.00 365.00 363.00 362.00 362.00 362.00 362.00 362.00 362.00 363.00 364.00 365.00 366.00 367.00 368.00 368.00 369.00 369.00 370.00 371.00 372.00 373.00 373.00 372.00 371.00 368.00 364.00 356.00 345.00 333.00 323.00 323.00 335.00 349.00 361.00 371.00 381.00 390.00 395.00 398.00 399.00 400.00 400.00 401.00 400.00 399.00 399.00 397.00 396.00 395.00 393.00 392.00 390.00 389.00 388.00 387.00 386.00 386.00 385.00 385.00 385.00 384.00 384.00 383.00 381.00 380.00 379.00 379.00 379.00 379.00
369.00 368.00 366.00 365.00 364.00 363.00 363.00 363.00 363.00 364.00 364.00 365.00 366.00 367.00 368.00 368.00 369.00 370.00 370.00 371.00 372.00 373.00 373.00 374.00 373.00 372.00 369.00 365.00 358.00 348.00 336.00 326.00 324.00 336.00 350.00 363.00 372.00 382.00 391.00 395.00 398.00 400.00 401.00 401.00 401.00 400.00 399.00 398.00 396.00 395.00 393.00 392.00 390.00 389.00 388.00 387.00 387.00 386.00 385.00 385.00 385.00 385.00 384.00 384.00 383.00 382.00 380.00 380.00 379.00 379.00 380.00
370.00 369.00 368.00 366.00 365.00 365.00 364.00 364.00 365.00 365.00 366.00 367.00 367.00 368.00 369.00 369.00 370.00 370.00 371.00 372.00 373.00 374.00 374.00 374.00 374.00 372.00 370.00 366.00 360.00 352.00 341.00 330.00 326.00 337.00 351.00 363.00 373.00 383.00 391.00 395.00 398.00 400.00 401.00 401.00 400.00 400.00 398.00 397.00 395.00 394.00 392.00 391.00 389.00 388.00 387.00 387.00 386.00 385.00 385.00 385.00 384.00 384.00 384.00 383.00 383.00 382.00 381.00 380.00 380.00 380.00 380.00
372.00 371.00 369.00 368.00 366.00 366.00 366.00 366.00 367.00 367.00 368.00 368.00 369.00 369.00 370.00 370.00 371.00 372.00 373.00 374.00 375.00 375.00 376.00 375.00 375.00 373.00 370.00 367.00 362.00 355.00 345.00 335.00 330.00 338.00 352.00 364.00 374.00 383.00 390.00 395.00 398.00 400.00 401.00 401.00 400.00 399.00 398.00 396.00 395.00 393.00 391.00 390.00 388.00 387.00 386.00 386.00 385.00 385.00 384.00 384.00 384.00 384.00 383.00 383.00 383.00 383.00 382.00 381.00 380.00 380.00 380.00
373.00 372.00 371.00 369.00 368.00 367.00 368.00 368.00 369.00 369.00 370.00 370.00 371.00 371.00 371.00 372.00 372.00 373.00 375.00 376.00 377.00 377.00 377.00 377.00 375.00 374.00 371.00 367.00 363.00 357.00 348.00 339.00 333.00 340.00 353.00 364.00 374.00 383.00 390.00 395.00 398.00 399.00 400.00 400.00 400.00 399.00 397.00 396.00 394.00 392.00 390.00 389.00 387.00 386.00 385.00 385.00 384.00 384.00 383.00 383.00 383.00 383.00 383.00 383.00 383.00 383.00 382.00 382.00 381.00 380.00 380.00
375.00 374.00 372.00 370.00 369.00 369.00 370.00 370.00 371.00 371.00 372.00 372.00 372.00 372.00 372.00 373.00 374.00 375.00 376.00 378.00 379.00 379.00 379.00 378.00 377.00 375.00 372.00 368.00 364.00 358.00 351.00 342.00 337.00 342.00 353.00 363.00 372.00 381.00 389.00 394.00 397.00 398.00 399.00 399.00 399.00 398.00 396.00 395.00 393.00 391.00 390.00 388.00 386.00 385.00 384.00 384.00 383.00 383.00 382.00 382.00 382.00 382.00 382.00 382.00 382.00 382.00 382.00 382.00 381.00 380.00 380.00
377.00 376.00 374.00 372.00 371.00 372.00 372.00 372.00 373.00 374.00 374.00 374.00 374.00 374.00 374.00 375.00 375.00 377.00 378.00 379.00 380.00 381.00 381.00 380.00 379.00 376.00 373.00 370.00 365.00 359.00 352.00 344.00 339.00 343.00 353.00 362.00 371.00 380.00 388.00 393.00 395.00 397.00 398.00 398.00 398.00 397.00 396.00 394.00 392.00 391.00 389.00 387.00 385.00 384.00 383.00 383.00 382.00 382.00 381.00 381.00 381.00 381.00 381.00 381.00 381.00 381.00 382.00 381.00 381.00 381.00 380.00
379.00 378.00 376.00 375.00 375.00 374.00 375.00 375.00 376.00 376.00 376.00 376.00 376.00 376.00 376.00 377.00 377.00 378.00 380.00 381.00 382.00 383.00 383.00 382.00 381.00 379.00 376.00 371.00 366.00 360.00 353.00 346.00 341.00 344.00 353.00 361.00 370.00 378.00 386.00 391.00 393.00 395.00 396.00 397.00 396.00 396.00 395.00 393.00 392.00 390.00 388.00 386.00 384.00 383.00 383.00 382.00 381.00 380.00 380.00 380.00 380.00 380.00 380.00 380.00 380.00 380.00 380.00 381.00 381.00 380.00 380.00
380.00 380.00 379.00 378.00 378.00 377.00 377.00 378.00 378.00 378.00 379.00 379.00 378.00 378.00 378.00 379.00 379.00 380.00 382.00 383.00 384.00 384.00 384.00 384.00 383.00 382.00 379.00 374.00 367.00 361.00 354.00 348.00 343.00 345.00 353.00 361.00 369.00 376.00 384.00 388.00 392.00 394.00 395.00 395.00 395.00 394.00 394.00 393.00 391.00 389.00 387.00 385.00 383.00 382.00 382.00 381.00 380.00 380.00 379.00 379.00 379.00 379.00 379.00 379.00 379.00 379.00 380.00 380.00 380.00 380.00 380.00
382.00 382.00 381.00 381.00 380.00 380.00 380.00 380.00 380.00 380.00 381.00 381.00 381.00 380.00 380.00 381.00 382.00 383.00 384.00 385.00 386.00 386.00 386.00 386.00 385.00 384.00 381.00 376.00 370.00 362.00 356.00 350.00 345.00 346.00 353.00 360.00 368.00 375.00 382.00 387.00 390.00 392.00 393.00 393.00 393.00 393.00 393.00 392.00 390.00 388.00 386.00 383.00 382.00 381.00 381.00 381.00 380.00 379.00 379.00 378.00 378.00 378.00 378.00 378.00 378.00 378.00 379.00 379.00 380.00 380.00 380.00
384.00 383.00 383.00 383.00 382.00 382.00 382.00 382.00 382.00 382.00 383.00 383.00 383.00 383.00 383.00 384.00 385.00 386.00 387.00 387.00 388.00 388.00 388.00 387.00 386.00 385.00 382.00 379.00 372.00 365.00 358.00 352.00 348.00 348.00 353.00 359.00 367.00 374.00 380.00 385.00 388.00 390.00 391.00 392.00 392.00 392.00 391.00 391.00 389.00 387.00 385.00 382.00 380.00 380.00 381.00 382.00 381.00 379.00 379.00 378.00 378.00 377.00 377.00 377.00 377.00 378.00 378.00 379.00 380.00 380.00 381.00
385.00 385.00 385.00 384.00 384.00 384.00 384.00 384.00 384.00 384.00 384.00 385.00 385.00 385.00 386.00 386.00 387.00 388.00 389.00 390.00 390.00 389.00 389.00 388.00 387.00 386.00 384.00 381.00 375.00 368.00 361.00 355.00 350.00 349.00 353.00 359.00 366.00 373.00 379.00 384.00 387.00 389.00 390.00 390.00 390.00 390.00 390.00 389.00 388.00 386.00 384.00 382.00 379.00 379.00 380.00 381.00 381.00 380.00 379.00 378.00 377.00 376.00 376.00 376.00 376.00 377.00 378.00 379.00 380.00 381.00 381.00
386.00 386.00 386.00 386.00 385.00 385.00 385.00 385.00 385.00 385.00 386.00 386.00 387.00 388.00 388.00 389.00 390.00 391.00 391.00 391.00 391.00 391.00 390.00 389.00 388.00 387.00 385.00 382.00 378.00 371.00 364.00 358.00 353.00 350.00 352.00 359.00 365.00 371.00 377.00 382.00 385.00 387.00 388.00 389.00 389.00 389.00 389.00 388.00 387.00 386.00 383.00 380.00 378.00 376.00 377.00 379.00 381.00 380.00 379.00 377.00 376.00 376.00 375.00 375.00 376.00 376.00 378.00 379.00 380.00 381.00 382.00
388.00 387.00 387.00 387.00 387.00 386.00 386.00 386.00 386.00 386.00 387.00 388.00 389.00 390.00 390.00 391.00 392.00 392.00 392.00 393.00 392.00 392.00 391.00 390.00 389.00 388.00 386.00 384.00 380.00 374.00 368.00 361.00 355.00 351.00 352.00 358.00 364.00 370.00 375.00 380.00 384.00 386.00 387.00 387.00 387.00 388.00 387.00 387.00 386.00 384.00 382.00 379.00 376.00 374.00 374.00 377.00 379.00 380.00 378.00 377.00 375.00 375.00 374.00 374.00 375.00 376.00 377.00 379.00 380.00 381.00 381.00
389.00 389.00 389.00 389.00 388.00 387.00 387.00 387.00 387.00 387.00 388.00 389.00 390.00 391.00 392.00 392.00 393.00 393.00 393.00 393.00 393.00 393.00 392.00 391.00 390.00 389.00 387.00 385.00 381.00 377.00 371.00 364.00 358.00 353.00 353.00 358.00 364.00 369.00 374.00 378.00 382.00 384.00 385.00 385.00 386.00 386.00 386.00 385.00 384.00 382.00 380.00 377.00 374.00 372.00 372.00 373.00 376.00 377.00 377.00 376.00 374.00 374.00 373.00 374.00 374.00 376.00 377.00 378.00 379.00 380.00 380.00
391.00 391.00 391.00 390.00 389.00 388.00 388.00 388.00 388.00 388.00 389.00 390.00 391.00 392.00 393.00 393.00 393.00 393.00 393.00 393.00 393.00 393.00 392.00 392.00 391.00 389.00 388.00 386.00 383.00 379.00 373.00 366.00 360.00 355.00 354.00 359.00 363.00 368.00 373.00 377.00 380.00 382.00 382.00 383.00 384.00 384.00 384.00 383.00 382.00 380.00 378.00 375.00 372.00 370.00 370.00 370.00 372.00 374.00 375.00 374.00 373.00 373.00 373.00 373.00 374.00 375.00 376.00 378.00 379.00 379.00 379.00
