ressources/models/Grenoble_16_dalles/BDALTIV1_FXX_0910_6460_MNT_20120919_LAMB93_IGN69.asc
ncols        400
nrows        400
xllcorner    909987.50000000
yllcorner    6450012.50000000
cellsize     25.00000000
NODATA_value -99999.00
[rows 256 to 287 of 400, columns 0 to 70 of 400]
486.00 474.00 464.00 454.00 444.00 436.00 428.00 421.00 414.00 407.00 402.00 397.00 392.00 386.00 381.00 377.00 373.00 371.00 369.00 368.00 367.00 365.00 363.00 362.00 360.00 361.00 364.00 369.00 375.00 383.00 390.00 398.00 406.00 413.00 420.00 426.00 430.00 432.00 433.00 431.00 421.00 405.00 385.00 365.00 348.00 330.00 305.00 275.00 253.00 239.00 232.00 231.00 230.00 229.00 229.00 229.00 229.00 229.00 229.00 229.00 229.00 229.00 229.00 229.00 229.00 228.00 228.00 229.00 229.00 230.00 230.00
484.00 473.00 463.00 454.00 445.00 438.00 430.00 423.00 417.00 411.00 406.00 401.00 394.00 388.00 383.00 378.00 374.00 372.00 370.00 369.00 367.00 366.00 364.00 363.00 362.00 364.00 367.00 372.00 379.00 387.00 395.00 403.00 411.00 418.00 425.00 431.00 436.00 438.00 440.00 438.00 429.00 411.00 389.00 368.00 350.00 329.00 300.00 270.00 248.00 237.00 231.00 230.00 229.00 229.00 229.00 229.00 229.00 229.00 229.00 229.00 229.00 229.00 229.00 229.00 229.00 228.00 229.00 229.00 229.00 230.00 231.00
482.00 471.00 462.00 454.00 447.00 440.00 434.00 427.00 421.00 415.00 409.00 403.00 396.00 389.00 383.00 378.00 375.00 372.00 371.00 369.00 368.00 367.00 366.00 365.00 365.00 367.00 370.00 376.00 382.00 390.00 399.00 407.00 415.00 422.00 429.00 435.00 441.00 445.00 446.00 444.00 435.00 416.00 393.00 371.00 351.00 329.00 295.00 265.00 243.00 235.00 232.00 230.00 229.00 229.00 229.00 229.00 229.00 229.00 229.00 229.00 229.00 229.00 229.00 229.00 229.00 229.00 229.00 229.00 229.00 230.00 231.00
481.00 470.00 462.00 456.00 449.00 444.00 438.00 432.00 424.00 417.00 410.00 403.00 396.00 390.00 383.00 378.00 375.00 373.00 372.00 370.00 369.00 368.00 367.00 367.00 367.00 369.00 373.00 379.00 386.00 394.00 402.00 410.00 418.00 426.00 433.00 440.00 446.00 450.00 451.00 448.00 437.00 419.00 397.00 373.00 352.00 328.00 290.00 263.00 242.00 234.00 232.00 230.00 229.00 229.00 229.00 229.00 229.00 229.00 229.00 229.00 229.00 229.00 229.00 229.00 229.00 229.00 229.00 229.00 230.00 231.00 231.00
479.00 471.00 464.00 458.00 453.00 448.00 443.00 436.00 427.00 418.00 410.00 403.00 396.00 389.00 383.00 379.00 376.00 374.00 373.00 371.00 370.00 369.00 368.00 368.00 369.00 372.00 376.00 381.00 388.00 397.00 405.00 414.00 422.00 430.00 437.00 444.00 450.00 454.00 454.00 449.00 439.00 422.00 400.00 375.00 354.00 331.00 292.00 263.00 243.00 233.00 231.00 230.00 229.00 229.00 229.00 229.00 229.00 229.00 229.00 229.00 229.00 229.00 229.00 229.00 229.00 229.00 229.00 230.00 230.00 231.00 232.00
481.00 474.00 468.00 463.00 457.00 452.00 446.00 438.00 428.00 418.00 410.00 401.00 395.00 389.00 383.00 380.00 377.00 376.00 374.00 373.00 372.00 371.00 370.00 370.00 371.00 374.00 378.00 384.00 391.00 400.00 408.00 417.00 426.00 434.00 442.00 449.00 454.00 457.00 456.00 451.00 440.00 422.00 401.00 380.00 359.00 334.00 294.00 262.00 243.00 233.00 231.00 230.00 229.00 229.00 229.00 229.00 229.00 229.00 229.00 229.00 229.00 229.00 229.00 229.00 229.00 229.00 229.00 230.00 231.00 232.00 232.00
487.00 480.00 474.00 468.00 462.00 455.00 447.00 438.00 428.00 418.00 409.00 400.00 394.00 388.00 384.00 381.00 379.00 377.00 376.00 375.00 373.00 372.00 371.00 372.00 373.00 376.00 380.00 386.00 394.00 403.00 412.00 422.00 430.00 439.00 447.00 453.00 458.00 460.00 458.00 452.00 440.00 424.00 405.00 386.00 366.00 338.00 294.00 260.00 242.00 234.00 231.00 230.00 229.00 229.00 229.00 229.00 229.00 229.00 229.00 229.00 229.00 229.00 229.00 229.00 229.00 229.00 229.00 230.00 231.00 232.00 232.00
495.00 488.00 482.00 475.00 468.00 459.00 449.00 439.00 428.00 418.00 408.00 399.00 393.00 388.00 385.00 383.00 381.00 379.00 378.00 376.00 375.00 374.00 373.00 373.00 375.00 378.00 383.00 389.00 397.00 406.00 416.00 426.00 436.00 444.00 452.00 458.00 462.00 462.00 459.00 452.00 439.00 423.00 407.00 390.00 372.00 343.00 299.00 262.00 242.00 234.00 231.00 230.00 229.00 229.00 229.00 229.00 229.00 229.00 229.00 229.00 229.00 229.00 229.00 229.00 229.00 229.00 230.00 231.00 232.00 232.00 232.00
505.00 497.00 490.00 483.00 474.00 463.00 452.00 441.00 429.00 418.00 407.00 399.00 393.00 389.00 386.00 384.00 382.00 381.00 380.00 378.00 376.00 375.00 374.00 375.00 376.00 380.00 385.00 392.00 400.00 410.00 421.00 431.00 441.00 449.00 457.00 463.00 466.00 465.00 460.00 451.00 437.00 420.00 403.00 388.00 372.00 345.00 300.00 261.00 240.00 233.00 231.00 230.00 229.00 229.00 229.00 229.00 229.00 229.00 229.00 229.00 229.00 229.00 229.00 229.00 229.00 229.00 230.00 231.00 232.00 232.00 232.00
515.00 506.00 498.00 489.00 478.00 467.00 455.00 443.00 431.00 418.00 407.00 398.00 392.00 389.00 387.00 385.00 384.00 383.00 381.00 380.00 378.00 376.00 376.00 376.00 378.00 382.00 387.00 395.00 404.00 415.00 426.00 437.00 446.00 454.00 461.00 467.00 470.00 468.00 460.00 448.00 433.00 415.00 398.00 380.00 362.00 337.00 298.00 259.00 238.00 232.00 231.00 230.00 229.00 229.00 229.00 229.00 229.00 229.00 229.00 229.00 229.00 229.00 229.00 229.00 229.00 230.00 231.00 231.00 232.00 232.00 232.00
522.00 512.00 501.00 491.00 480.00 468.00 457.00 445.00 432.00 418.00 407.00 398.00 393.00 389.00 388.00 386.00 386.00 384.00 383.00 381.00 379.00 378.00 377.00 378.00 380.00 384.00 390.00 398.00 408.00 420.00 431.00 442.00 451.00 459.00 465.00 471.00 474.00 471.00 460.00 446.00 429.00 411.00 391.00 372.00 351.00 325.00 290.00 255.00 236.00 231.00 230.00 229.00 229.00 229.00 229.00 229.00 229.00 229.00 229.00 229.00 229.00 229.00 229.00 229.00 230.00 231.00 231.00 232.00 232.00 232.00 232.00
523.00 513.00 502.00 491.00 480.00 468.00 456.00 444.00 432.00 418.00 407.00 398.00 393.00 390.00 389.00 388.00 387.00 386.00 384.00 383.00 381.00 379.00 378.00 379.00 381.00 386.00 393.00 402.00 413.00 426.00 437.00 447.00 455.00 462.00 468.00 473.00 476.00 473.00 459.00 443.00 425.00 406.00 384.00 362.00 341.00 312.00 277.00 250.00 235.00 231.00 230.00 229.00 229.00 229.00 229.00 229.00 229.00 229.00 229.00 229.00 229.00 229.00 229.00 229.00 230.00 231.00 232.00 232.00 232.00 232.00 232.00
520.00 510.00 499.00 488.00 477.00 466.00 455.00 443.00 430.00 418.00 407.00 399.00 394.00 391.00 390.00 389.00 388.00 387.00 386.00 384.00 382.00 380.00 379.00 381.00 384.00 388.00 395.00 405.00 418.00 432.00 443.00 452.00 459.00 466.00 471.00 476.00 478.00 473.00 457.00 439.00 421.00 401.00 378.00 354.00 330.00 301.00 267.00 246.00 235.00 232.00 230.00 229.00 229.00 229.00 229.00 229.00 229.00 229.00 229.00 229.00 229.00 229.00 229.00 229.00 231.00 231.00 232.00 232.00 232.00 232.00 232.00
516.00 505.00 495.00 484.00 473.00 463.00 452.00 441.00 429.00 418.00 408.00 400.00 395.00 393.00 391.00 390.00 390.00 389.00 387.00 386.00 384.00 381.00 380.00 382.00 386.00 392.00 400.00 410.00 424.00 437.00 448.00 456.00 463.00 469.00 474.00 478.00 480.00 472.00 454.00 435.00 416.00 396.00 371.00 345.00 317.00 291.00 263.00 242.00 233.00 231.00 230.00 229.00 229.00 229.00 229.00 229.00 229.00 229.00 229.00 229.00 229.00 229.00 229.00 230.00 231.00 232.00 232.00 232.00 232.00 232.00 232.00
511.00 500.00 490.00 479.00 469.00 458.00 448.00 438.00 428.00 418.00 409.00 402.00 397.00 395.00 393.00 392.00 391.00 390.00 389.00 387.00 385.00 384.00 383.00 385.00 390.00 397.00 405.00 417.00 430.00 442.00 452.00 460.00 466.00 472.00 477.00 480.00 479.00 468.00 450.00 431.00 412.00 390.00 365.00 340.00 313.00 284.00 259.00 240.00 232.00 231.00 230.00 229.00 229.00 229.00 229.00 229.00 229.00 229.00 229.00 229.00 229.00 229.00 229.00 230.00 231.00 232.00 232.00 232.00 232.00 232.00 233.00
506.00 495.00 485.00 474.00 464.00 454.00 444.00 436.00 427.00 419.00 411.00 405.00 400.00 397.00 395.00 394.00 393.00 392.00 390.00 389.00 387.00 386.00 386.00 389.00 394.00 402.00 411.00 423.00 436.00 447.00 457.00 464.00 470.00 475.00 480.00 482.00 477.00 464.00 446.00 427.00 408.00 387.00 362.00 331.00 297.00 278.00 263.00 237.00 231.00 230.00 229.00 229.00 229.00 229.00 229.00 229.00 229.00 229.00 229.00 229.00 229.00 229.00 230.00 231.00 231.00 232.00 232.00 232.00 232.00 233.00 233.00
502.00 491.00 480.00 470.00 460.00 450.00 441.00 433.00 426.00 419.00 413.00 408.00 404.00 400.00 398.00 397.00 395.00 394.00 392.00 390.00 389.00 388.00 389.00 393.00 399.00 407.00 417.00 429.00 441.00 452.00 461.00 469.00 474.00 479.00 483.00 484.00 477.00 462.00 443.00 424.00 405.00 386.00 361.00 324.00 284.00 266.00 247.00 236.00 232.00 230.00 229.00 229.00 229.00 229.00 229.00 229.00 229.00 229.00 229.00 229.00 229.00 229.00 230.00 231.00 232.00 232.00 232.00 232.00 233.00 233.00 233.00
497.00 486.00 475.00 465.00 456.00 447.00 438.00 431.00 425.00 419.00 414.00 410.00 406.00 403.00 401.00 399.00 397.00 395.00 393.00 392.00 390.00 391.00 393.00 396.00 403.00 412.00 423.00 434.00 446.00 457.00 466.00 474.00 480.00 484.00 487.00 486.00 477.00 460.00 441.00 423.00 405.00 387.00 360.00 320.00 281.00 261.00 245.00 235.00 232.00 230.00 229.00 229.00 229.00 229.00 229.00 229.00 229.00 229.00 229.00 229.00 229.00 229.00 231.00 231.00 232.00 232.00 232.00 232.00 233.00 233.00 233.00
492.00 481.00 470.00 461.00 452.00 444.00 436.00 430.00 424.00 419.00 415.00 411.00 408.00 406.00 403.00 402.00 400.00 397.00 395.00 393.00 392.00 393.00 396.00 400.00 407.00 417.00 428.00 439.00 451.00 461.00 471.00 479.00 485.00 489.00 490.00 487.00 477.00 459.00 440.00 422.00 406.00 389.00 361.00 317.00 280.00 258.00 243.00 234.00 231.00 229.00 228.00 228.00 229.00 229.00 229.00 229.00 229.00 229.00 229.00 229.00 229.00 230.00 231.00 232.00 232.00 232.00 232.00 233.00 233.00 233.00 233.00
487.00 476.00 466.00 457.00 449.00 441.00 434.00 429.00 423.00 419.00 415.00 413.00 410.00 408.00 406.00 404.00 402.00 399.00 397.00 395.00 394.00 395.00 398.00 404.00 412.00 422.00 433.00 444.00 455.00 466.00 475.00 483.00 488.00 492.00 492.00 488.00 477.00 459.00 440.00 423.00 408.00 390.00 361.00 318.00 281.00 257.00 241.00 232.00 230.00 229.00 228.00 228.00 229.00 229.00 229.00 229.00 229.00 229.00 229.00 229.00 229.00 230.00 231.00 232.00 232.00 232.00 232.00 233.00 233.00 233.00 233.00
482.00 472.00 462.00 453.00 445.00 439.00 433.00 428.00 424.00 420.00 416.00 414.00 412.00 410.00 408.00 407.00 405.00 402.00 398.00 396.00 396.00 397.00 401.00 408.00 417.00 427.00 438.00 449.00 460.00 470.00 479.00 486.00 490.00 493.00 492.00 488.00 477.00 460.00 442.00 426.00 409.00 389.00 363.00 327.00 285.00 256.00 239.00 231.00 228.00 228.00 228.00 228.00 229.00 229.00 229.00 229.00 229.00 229.00 229.00 229.00 230.00 231.00 232.00 232.00 232.00 232.00 233.00 233.00 233.00 233.00 233.00
477.00 468.00 459.00 451.00 443.00 438.00 433.00 428.00 424.00 421.00 418.00 415.00 413.00 411.00 410.00 409.00 407.00 404.00 400.00 397.00 397.00 400.00 405.00 413.00 422.00 432.00 443.00 454.00 465.00 474.00 482.00 487.00 491.00 493.00 492.00 488.00 478.00 464.00 447.00 430.00 412.00 390.00 362.00 323.00 283.00 254.00 238.00 231.00 228.00 227.00 228.00 228.00 229.00 229.00 229.00 229.00 229.00 229.00 229.00 229.00 230.00 231.00 232.00 232.00 232.00 232.00 233.00 233.00 233.00 233.00 233.00
474.00 466.00 458.00 451.00 444.00 439.00 434.00 429.00 426.00 422.00 419.00 417.00 415.00 413.00 411.00 410.00 408.00 405.00 402.00 399.00 399.00 403.00 409.00 418.00 428.00 438.00 448.00 459.00 469.00 477.00 483.00 487.00 490.00 492.00 491.00 487.00 479.00 467.00 452.00 435.00 415.00 387.00 348.00 302.00 272.00 251.00 236.00 230.00 228.00 227.00 227.00 228.00 229.00 229.00 229.00 229.00 229.00 229.00 229.00 230.00 231.00 231.00 232.00 232.00 232.00 233.00 233.00 233.00 233.00 233.00 234.00
472.00 465.00 458.00 452.00 447.00 441.00 436.00 431.00 427.00 424.00 421.00 419.00 416.00 414.00 412.00 411.00 408.00 405.00 402.00 400.00 401.00 406.00 414.00 423.00 433.00 443.00 454.00 464.00 473.00 480.00 484.00 487.00 489.00 490.00 490.00 487.00 480.00 469.00 455.00 438.00 416.00 387.00 346.00 300.00 267.00 247.00 234.00 229.00 227.00 227.00 228.00 228.00 229.00 229.00 229.00 229.00 229.00 229.00 229.00 230.00 231.00 232.00 232.00 232.00 232.00 233.00 233.00 233.00 233.00 233.00 234.00
470.00 464.00 459.00 454.00 449.00 444.00 438.00 433.00 429.00 426.00 423.00 420.00 417.00 415.00 413.00 411.00 409.00 406.00 403.00 402.00 404.00 410.00 419.00 428.00 438.00 449.00 459.00 468.00 476.00 481.00 484.00 486.00 488.00 490.00 490.00 487.00 480.00 468.00 454.00 437.00 414.00 380.00 338.00 297.00 263.00 244.00 232.00 228.00 227.00 227.00 228.00 228.00 229.00 229.00 229.00 229.00 229.00 229.00 229.00 230.00 231.00 232.00 232.00 232.00 232.00 233.00 233.00 233.00 233.00 234.00 234.00
469.00 464.00 460.00 456.00 452.00 447.00 441.00 435.00 431.00 427.00 424.00 421.00 418.00 416.00 414.00 412.00 409.00 407.00 405.00 405.00 408.00 415.00 423.00 433.00 443.00 453.00 463.00 472.00 478.00 482.00 484.00 486.00 488.00 489.00 490.00 487.00 480.00 466.00 450.00 431.00 404.00 364.00 322.00 288.00 260.00 241.00 233.00 229.00 228.00 228.00 228.00 228.00 229.00 229.00 229.00 229.00 229.00 229.00 230.00 231.00 232.00 232.00 232.00 232.00 233.00 233.00 233.00 233.00 234.00 234.00 234.00
468.00 464.00 461.00 457.00 454.00 449.00 443.00 437.00 433.00 429.00 426.00 423.00 419.00 417.00 414.00 412.00 410.00 408.00 408.00 409.00 412.00 418.00 427.00 437.00 448.00 458.00 467.00 474.00 480.00 482.00 484.00 486.00 488.00 489.00 490.00 487.00 479.00 464.00 444.00 422.00 395.00 360.00 314.00 275.00 257.00 240.00 234.00 230.00 229.00 228.00 228.00 228.00 229.00 229.00 229.00 229.00 229.00 229.00 230.00 231.00 232.00 232.00 232.00 232.00 233.00 233.00 233.00 233.00 234.00 234.00 234.00
468.00 464.00 461.00 458.00 454.00 450.00 445.00 439.00 434.00 430.00 427.00 424.00 421.00 418.00 415.00 413.00 411.00 410.00 410.00 411.00 415.00 421.00 430.00 441.00 451.00 461.00 470.00 477.00 481.00 483.00 484.00 486.00 488.00 489.00 489.00 486.00 478.00 460.00 438.00 415.00 389.00 354.00 309.00 271.00 255.00 241.00 234.00 232.00 230.00 229.00 228.00 228.00 229.00 229.00 229.00 229.00 229.00 230.00 231.00 231.00 232.00 232.00 232.00 233.00 233.00 233.00 233.00 234.00 234.00 234.00 234.00
467.00 464.00 461.00 458.00 454.00 451.00 446.00 441.00 436.00 432.00 428.00 425.00 422.00 419.00 416.00 414.00 413.00 412.00 412.00 412.00 416.00 423.00 433.00 444.00 454.00 464.00 472.00 478.00 482.00 483.00 485.00 487.00 489.00 490.00 488.00 484.00 473.00 456.00 435.00 412.00 385.00 341.00 293.00 268.00 253.00 241.00 235.00 233.00 231.00 229.00 229.00 228.00 228.00 229.00 229.00 229.00 229.00 230.00 231.00 232.00 232.00 232.00 233.00 233.00 233.00 233.00 233.00 234.00 234.00 234.00 234.00
467.00 464.00 461.00 458.00 454.00 451.00 446.00 442.00 437.00 433.00 429.00 426.00 423.00 420.00 417.00 415.00 414.00 413.00 412.00 413.00 416.00 424.00 435.00 447.00 457.00 466.00 474.00 479.00 482.00 484.00 486.00 487.00 489.00 490.00 488.00 482.00 469.00 451.00 431.00 411.00 384.00 337.00 288.00 264.00 251.00 241.00 235.00 233.00 231.00 230.00 229.00 228.00 228.00 229.00 229.00 229.00 230.00 230.00 231.00 232.00 232.00 232.00 233.00 233.00 233.00 233.00 234.00 234.00 234.00 234.00 235.00
467.00 463.00 460.00 457.00 454.00 450.00 446.00 442.00 438.00 434.00 430.00 427.00 424.00 421.00 419.00 416.00 415.00 413.00 413.00 414.00 418.00 426.00 438.00 450.00 460.00 468.00 475.00 480.00 483.00 485.00 486.00 488.00 489.00 489.00 487.00 480.00 466.00 446.00 427.00 408.00 380.00 334.00 289.00 265.00 252.00 241.00 235.00 233.00 231.00 229.00 229.00 228.00 228.00 229.00 229.00 229.00 229.00 230.00 231.00 232.00 232.00 233.00 233.00 233.00 233.00 233.00 234.00 234.00 234.00 235.00 235.00
466.00 463.00 460.00 457.00 453.00 450.00 446.00 443.00 439.00 435.00 431.00 427.00 424.00 422.00 419.00 417.00 415.00 414.00 413.00 415.00 420.00 430.00 442.00 453.00 462.00 470.00 477.00 481.00 483.00 485.00 486.00 488.00 488.00 488.00 485.00 477.00 462.00 440.00 421.00 401.00 369.00 325.00 289.00 267.00 253.00 242.00 235.00 232.00 230.00 229.00 228.00 228.00 228.00 229.00 229.00 229.00 229.00 230.00 231.00 232.00 232.00 233.00 233.00 233.00 233.00 234.00 234.00 234.00 234.00 235.00 235.00
