ressources/models/Grenoble_16_dalles/BDALTIV1_FXX_0900_6450_MNT_20120919_LAMB93_IGN69.asc
ncols        400
nrows        400
xllcorner    899987.50000000
yllcorner    6440012.50000000
cellsize     25.00000000
NODATA_value -99999.00
[rows 210 to 239 of 400, columns 0 to 67 of 400]
972.00 969.00 962.00 957.00 957.00 960.00 963.00 966.00 972.00 977.00 979.00 975.00 968.00 964.00 965.00 966.00 968.00 970.00 973.00 978.00 984.00 991.00 997.00 1001.00 1004.00 1005.00 1006.00 1006.00 1007.00 1007.00 1008.00 1010.00 1011.00 1013.00 1016.00 1018.00 1019.00 1021.00 1023.00 1024.00 1025.00 1026.00 1027.00 1028.00 1030.00 1032.00 1032.00 1032.00 1031.00 1029.00 1027.00 1026.00 1026.00 1026.00 1026.00 1026.00 1027.00 1028.00 1030.00 1032.00 1035.00 1037.00 1039.00 1041.00 1043.00 1045.00 1046.00 1046.00
979.00 978.00 972.00 964.00 963.00 966.00 969.00 973.00 982.00 986.00 985.00 977.00 968.00 963.00 963.00 966.00 969.00 972.00 976.00 981.00 988.00 994.00 1000.00 1003.00 1005.00 1007.00 1008.00 1008.00 1009.00 1010.00 1011.00 1013.00 1014.00 1016.00 1018.00 1020.00 1022.00 1024.00 1026.00 1027.00 1028.00 1027.00 1027.00 1027.00 1029.00 1031.00 1032.00 1032.00 1032.00 1031.00 1029.00 1028.00 1028.00 1028.00 1028.00 1028.00 1028.00 1029.00 1030.00 1032.00 1034.00 1037.00 1039.00 1042.00 1044.00 1046.00 1047.00 1047.00
987.00 987.00 985.00 981.00 980.00 984.00 988.00 990.00 995.00 994.00 989.00 979.00 969.00 963.00 963.00 965.00 969.00 973.00 978.00 984.00 990.00 996.00 1001.00 1004.00 1007.00 1008.00 1009.00 1010.00 1011.00 1012.00 1013.00 1015.00 1017.00 1019.00 1021.00 1022.00 1024.00 1026.00 1028.00 1030.00 1030.00 1029.00 1028.00 1027.00 1028.00 1030.00 1031.00 1032.00 1032.00 1032.00 1031.00 1030.00 1030.00 1030.00 1031.00 1031.00 1031.00 1031.00 1031.00 1033.00 1035.00 1037.00 1040.00 1043.00 1045.00 1047.00 1049.00 1049.00
993.00 995.00 997.00 1002.00 1005.00 1006.00 1006.00 1006.00 1005.00 1000.00 993.00 983.00 971.00 964.00 963.00 965.00 969.00 973.00 980.00 986.00 992.00 996.00 1001.00 1005.00 1007.00 1009.00 1010.00 1011.00 1013.00 1014.00 1015.00 1017.00 1019.00 1021.00 1023.00 1024.00 1026.00 1027.00 1030.00 1031.00 1032.00 1031.00 1030.00 1029.00 1029.00 1030.00 1031.00 1032.00 1032.00 1032.00 1032.00 1032.00 1032.00 1033.00 1034.00 1034.00 1035.00 1036.00 1035.00 1035.00 1036.00 1038.00 1041.00 1043.00 1046.00 1048.00 1049.00 1050.00
999.00 1002.00 1005.00 1009.00 1014.00 1017.00 1016.00 1014.00 1010.00 1003.00 995.00 985.00 973.00 964.00 963.00 966.00 969.00 975.00 982.00 988.00 994.00 998.00 1002.00 1005.00 1008.00 1010.00 1011.00 1013.00 1014.00 1016.00 1017.00 1019.00 1021.00 1023.00 1024.00 1025.00 1027.00 1028.00 1030.00 1032.00 1033.00 1033.00 1033.00 1031.00 1030.00 1030.00 1031.00 1032.00 1032.00 1033.00 1033.00 1034.00 1035.00 1035.00 1036.00 1038.00 1039.00 1040.00 1039.00 1038.00 1038.00 1039.00 1041.00 1044.00 1047.00 1049.00 1050.00 1050.00
1004.00 1008.00 1013.00 1018.00 1023.00 1025.00 1024.00 1021.00 1014.00 1005.00 995.00 985.00 972.00 963.00 964.00 967.00 971.00 977.00 984.00 991.00 996.00 1001.00 1004.00 1006.00 1009.00 1011.00 1013.00 1014.00 1016.00 1017.00 1019.00 1021.00 1023.00 1024.00 1025.00 1027.00 1028.00 1029.00 1031.00 1033.00 1034.00 1035.00 1035.00 1035.00 1034.00 1033.00 1033.00 1033.00 1033.00 1034.00 1035.00 1036.00 1037.00 1038.00 1039.00 1041.00 1043.00 1043.00 1042.00 1040.00 1039.00 1040.00 1042.00 1045.00 1047.00 1050.00 1051.00 1051.00
1010.00 1014.00 1019.00 1024.00 1028.00 1030.00 1029.00 1025.00 1017.00 1007.00 996.00 984.00 971.00 963.00 965.00 969.00 973.00 979.00 986.00 993.00 999.00 1003.00 1005.00 1008.00 1010.00 1012.00 1014.00 1016.00 1017.00 1019.00 1021.00 1022.00 1024.00 1025.00 1027.00 1028.00 1029.00 1030.00 1032.00 1034.00 1035.00 1036.00 1037.00 1038.00 1039.00 1038.00 1036.00 1035.00 1034.00 1035.00 1036.00 1037.00 1039.00 1040.00 1042.00 1044.00 1045.00 1045.00 1044.00 1042.00 1040.00 1040.00 1042.00 1046.00 1048.00 1050.00 1052.00 1052.00
1016.00 1020.00 1024.00 1029.00 1032.00 1034.00 1034.00 1029.00 1020.00 1009.00 997.00 984.00 971.00 963.00 965.00 970.00 974.00 980.00 987.00 994.00 1000.00 1004.00 1007.00 1009.00 1011.00 1013.00 1015.00 1017.00 1019.00 1021.00 1022.00 1024.00 1025.00 1027.00 1028.00 1029.00 1030.00 1031.00 1033.00 1034.00 1036.00 1037.00 1038.00 1040.00 1041.00 1041.00 1040.00 1037.00 1037.00 1037.00 1038.00 1039.00 1040.00 1042.00 1044.00 1046.00 1047.00 1047.00 1046.00 1044.00 1042.00 1042.00 1044.00 1047.00 1050.00 1052.00 1053.00 1053.00
1022.00 1025.00 1029.00 1033.00 1036.00 1038.00 1038.00 1033.00 1023.00 1011.00 998.00 984.00 970.00 962.00 965.00 971.00 976.00 981.00 988.00 995.00 1001.00 1005.00 1008.00 1010.00 1013.00 1015.00 1017.00 1019.00 1020.00 1022.00 1024.00 1025.00 1026.00 1028.00 1029.00 1030.00 1031.00 1032.00 1034.00 1035.00 1036.00 1037.00 1038.00 1040.00 1042.00 1043.00 1043.00 1041.00 1040.00 1039.00 1039.00 1040.00 1042.00 1044.00 1047.00 1048.00 1049.00 1048.00 1047.00 1045.00 1043.00 1044.00 1046.00 1049.00 1052.00 1054.00 1055.00 1055.00
1028.00 1031.00 1035.00 1038.00 1042.00 1044.00 1043.00 1037.00 1026.00 1014.00 1000.00 985.00 970.00 962.00 965.00 971.00 976.00 983.00 989.00 996.00 1001.00 1006.00 1009.00 1012.00 1014.00 1016.00 1018.00 1020.00 1022.00 1024.00 1025.00 1026.00 1027.00 1029.00 1030.00 1031.00 1033.00 1033.00 1034.00 1035.00 1036.00 1037.00 1038.00 1039.00 1042.00 1043.00 1044.00 1044.00 1043.00 1042.00 1041.00 1042.00 1044.00 1046.00 1048.00 1050.00 1051.00 1050.00 1049.00 1047.00 1046.00 1046.00 1048.00 1051.00 1054.00 1056.00 1057.00 1058.00
1033.00 1037.00 1040.00 1044.00 1047.00 1048.00 1046.00 1040.00 1029.00 1016.00 1002.00 987.00 971.00 962.00 964.00 970.00 976.00 983.00 990.00 996.00 1002.00 1006.00 1010.00 1013.00 1015.00 1017.00 1020.00 1022.00 1023.00 1025.00 1026.00 1027.00 1028.00 1030.00 1031.00 1033.00 1033.00 1034.00 1034.00 1035.00 1035.00 1036.00 1038.00 1039.00 1041.00 1043.00 1045.00 1046.00 1046.00 1045.00 1044.00 1045.00 1046.00 1048.00 1050.00 1052.00 1052.00 1053.00 1052.00 1051.00 1049.00 1049.00 1050.00 1053.00 1055.00 1058.00 1060.00 1061.00
1039.00 1043.00 1047.00 1051.00 1053.00 1053.00 1050.00 1043.00 1032.00 1019.00 1005.00 990.00 973.00 962.00 964.00 970.00 976.00 983.00 991.00 997.00 1002.00 1007.00 1011.00 1014.00 1016.00 1019.00 1021.00 1023.00 1025.00 1026.00 1027.00 1028.00 1029.00 1031.00 1032.00 1033.00 1034.00 1034.00 1034.00 1034.00 1035.00 1036.00 1037.00 1039.00 1041.00 1043.00 1046.00 1047.00 1048.00 1048.00 1048.00 1048.00 1049.00 1051.00 1052.00 1053.00 1054.00 1055.00 1055.00 1054.00 1053.00 1052.00 1052.00 1054.00 1057.00 1060.00 1062.00 1063.00
1045.00 1049.00 1054.00 1058.00 1059.00 1058.00 1054.00 1046.00 1034.00 1020.00 1007.00 991.00 974.00 962.00 964.00 971.00 978.00 985.00 991.00 997.00 1003.00 1007.00 1011.00 1015.00 1017.00 1020.00 1022.00 1024.00 1026.00 1027.00 1028.00 1029.00 1030.00 1032.00 1033.00 1033.00 1034.00 1033.00 1033.00 1033.00 1034.00 1034.00 1036.00 1038.00 1040.00 1043.00 1046.00 1048.00 1049.00 1050.00 1050.00 1051.00 1052.00 1053.00 1054.00 1055.00 1056.00 1057.00 1059.00 1058.00 1056.00 1054.00 1054.00 1055.00 1058.00 1061.00 1063.00 1065.00
1052.00 1056.00 1061.00 1065.00 1066.00 1064.00 1058.00 1049.00 1035.00 1021.00 1006.00 990.00 974.00 962.00 966.00 972.00 979.00 986.00 992.00 998.00 1003.00 1008.00 1012.00 1015.00 1018.00 1021.00 1023.00 1025.00 1026.00 1027.00 1028.00 1029.00 1031.00 1032.00 1032.00 1032.00 1032.00 1032.00 1032.00 1032.00 1032.00 1033.00 1035.00 1037.00 1039.00 1042.00 1045.00 1047.00 1049.00 1051.00 1052.00 1053.00 1054.00 1055.00 1056.00 1057.00 1058.00 1059.00 1061.00 1061.00 1059.00 1057.00 1056.00 1056.00 1058.00 1061.00 1064.00 1066.00
1059.00 1063.00 1067.00 1072.00 1074.00 1070.00 1062.00 1051.00 1037.00 1021.00 1005.00 985.00 972.00 965.00 969.00 974.00 980.00 986.00 992.00 998.00 1003.00 1008.00 1012.00 1015.00 1019.00 1022.00 1024.00 1025.00 1025.00 1026.00 1026.00 1027.00 1029.00 1029.00 1029.00 1029.00 1029.00 1029.00 1030.00 1030.00 1031.00 1032.00 1033.00 1035.00 1038.00 1041.00 1043.00 1046.00 1049.00 1051.00 1053.00 1055.00 1057.00 1058.00 1058.00 1059.00 1060.00 1061.00 1063.00 1063.00 1062.00 1060.00 1058.00 1058.00 1059.00 1062.00 1065.00 1068.00
1066.00 1069.00 1073.00 1078.00 1081.00 1077.00 1067.00 1054.00 1038.00 1022.00 1004.00 983.00 970.00 968.00 971.00 975.00 979.00 985.00 992.00 998.00 1003.00 1008.00 1011.00 1015.00 1018.00 1021.00 1023.00 1024.00 1024.00 1024.00 1024.00 1025.00 1025.00 1025.00 1025.00 1025.00 1025.00 1026.00 1027.00 1028.00 1029.00 1030.00 1031.00 1033.00 1036.00 1038.00 1041.00 1044.00 1047.00 1050.00 1053.00 1056.00 1058.00 1060.00 1061.00 1061.00 1063.00 1064.00 1065.00 1065.00 1064.00 1062.00 1060.00 1059.00 1061.00 1064.00 1067.00 1070.00
1073.00 1075.00 1078.00 1083.00 1086.00 1083.00 1072.00 1057.00 1040.00 1022.00 1003.00 982.00 970.00 970.00 972.00 975.00 979.00 985.00 991.00 998.00 1003.00 1007.00 1010.00 1013.00 1015.00 1018.00 1020.00 1021.00 1021.00 1021.00 1021.00 1021.00 1021.00 1020.00 1020.00 1020.00 1021.00 1023.00 1024.00 1025.00 1027.00 1028.00 1029.00 1031.00 1033.00 1035.00 1038.00 1041.00 1044.00 1048.00 1053.00 1056.00 1060.00 1062.00 1063.00 1064.00 1065.00 1066.00 1067.00 1067.00 1066.00 1065.00 1063.00 1062.00 1063.00 1066.00 1069.00 1072.00
1081.00 1082.00 1085.00 1088.00 1089.00 1086.00 1077.00 1060.00 1042.00 1023.00 1003.00 982.00 971.00 971.00 972.00 974.00 977.00 983.00 990.00 996.00 1001.00 1005.00 1007.00 1009.00 1011.00 1013.00 1015.00 1016.00 1016.00 1016.00 1016.00 1016.00 1016.00 1016.00 1016.00 1016.00 1018.00 1019.00 1021.00 1023.00 1024.00 1026.00 1027.00 1029.00 1030.00 1033.00 1035.00 1038.00 1041.00 1046.00 1051.00 1056.00 1061.00 1064.00 1066.00 1067.00 1068.00 1068.00 1069.00 1069.00 1068.00 1067.00 1066.00 1065.00 1066.00 1068.00 1071.00 1074.00
1090.00 1091.00 1092.00 1094.00 1093.00 1089.00 1080.00 1063.00 1043.00 1023.00 1003.00 983.00 972.00 971.00 971.00 973.00 976.00 981.00 987.00 994.00 999.00 1002.00 1003.00 1004.00 1006.00 1007.00 1009.00 1010.00 1010.00 1011.00 1011.00 1012.00 1012.00 1012.00 1012.00 1013.00 1014.00 1016.00 1018.00 1020.00 1022.00 1023.00 1025.00 1027.00 1028.00 1030.00 1032.00 1035.00 1038.00 1042.00 1048.00 1056.00 1062.00 1066.00 1068.00 1069.00 1070.00 1070.00 1071.00 1071.00 1071.00 1070.00 1069.00 1069.00 1069.00 1071.00 1073.00 1076.00
1100.00 1100.00 1100.00 1099.00 1097.00 1091.00 1081.00 1065.00 1045.00 1024.00 1004.00 985.00 973.00 970.00 970.00 972.00 976.00 980.00 984.00 990.00 995.00 998.00 999.00 999.00 1001.00 1002.00 1003.00 1004.00 1004.00 1005.00 1006.00 1007.00 1007.00 1008.00 1008.00 1009.00 1011.00 1013.00 1015.00 1017.00 1019.00 1021.00 1023.00 1024.00 1026.00 1028.00 1029.00 1031.00 1034.00 1038.00 1044.00 1054.00 1062.00 1067.00 1070.00 1071.00 1072.00 1072.00 1073.00 1073.00 1073.00 1073.00 1073.00 1072.00 1072.00 1073.00 1075.00 1078.00
1111.00 1109.00 1107.00 1105.00 1101.00 1094.00 1082.00 1066.00 1046.00 1026.00 1006.00 988.00 975.00 968.00 969.00 972.00 976.00 979.00 982.00 987.00 992.00 995.00 996.00 996.00 997.00 998.00 999.00 999.00 999.00 999.00 1001.00 1002.00 1003.00 1004.00 1005.00 1007.00 1009.00 1011.00 1013.00 1015.00 1017.00 1019.00 1020.00 1022.00 1024.00 1025.00 1027.00 1029.00 1031.00 1035.00 1040.00 1049.00 1060.00 1067.00 1070.00 1072.00 1073.00 1074.00 1074.00 1075.00 1076.00 1077.00 1076.00 1076.00 1076.00 1076.00 1077.00 1079.00
1120.00 1117.00 1113.00 1109.00 1104.00 1096.00 1083.00 1066.00 1047.00 1027.00 1008.00 991.00 977.00 967.00 968.00 972.00 976.00 979.00 981.00 985.00 989.00 992.00 994.00 994.00 995.00 996.00 996.00 996.00 996.00 996.00 997.00 998.00 1000.00 1001.00 1003.00 1005.00 1007.00 1009.00 1011.00 1013.00 1015.00 1017.00 1018.00 1019.00 1021.00 1023.00 1024.00 1026.00 1028.00 1032.00 1037.00 1045.00 1057.00 1066.00 1070.00 1072.00 1074.00 1075.00 1076.00 1077.00 1079.00 1080.00 1080.00 1080.00 1079.00 1079.00 1079.00 1080.00
1127.00 1123.00 1118.00 1113.00 1107.00 1097.00 1084.00 1067.00 1047.00 1028.00 1010.00 993.00 980.00 969.00 968.00 973.00 976.00 980.00 982.00 985.00 988.00 990.00 992.00 993.00 994.00 994.00 994.00 994.00 994.00 994.00 995.00 996.00 998.00 999.00 1002.00 1004.00 1006.00 1008.00 1010.00 1012.00 1014.00 1016.00 1017.00 1018.00 1019.00 1020.00 1022.00 1024.00 1026.00 1029.00 1034.00 1042.00 1053.00 1063.00 1068.00 1071.00 1073.00 1075.00 1077.00 1079.00 1081.00 1083.00 1084.00 1084.00 1083.00 1083.00 1083.00 1084.00
1133.00 1128.00 1122.00 1116.00 1109.00 1099.00 1085.00 1068.00 1048.00 1029.00 1011.00 995.00 982.00 972.00 970.00 973.00 977.00 980.00 983.00 985.00 988.00 990.00 992.00 993.00 993.00 993.00 993.00 993.00 993.00 993.00 994.00 995.00 997.00 999.00 1001.00 1004.00 1006.00 1009.00 1011.00 1013.00 1014.00 1015.00 1016.00 1017.00 1018.00 1018.00 1020.00 1022.00 1024.00 1027.00 1031.00 1037.00 1048.00 1059.00 1065.00 1069.00 1072.00 1075.00 1077.00 1079.00 1082.00 1085.00 1087.00 1088.00 1088.00 1088.00 1088.00 1089.00
1138.00 1132.00 1125.00 1118.00 1110.00 1100.00 1086.00 1068.00 1048.00 1029.00 1012.00 997.00 985.00 976.00 972.00 974.00 977.00 981.00 983.00 986.00 989.00 991.00 993.00 993.00 994.00 993.00 993.00 993.00 993.00 993.00 994.00 995.00 997.00 999.00 1001.00 1004.00 1007.00 1010.00 1012.00 1014.00 1015.00 1016.00 1016.00 1017.00 1017.00 1018.00 1019.00 1020.00 1022.00 1025.00 1029.00 1035.00 1044.00 1054.00 1061.00 1067.00 1071.00 1074.00 1077.00 1080.00 1084.00 1087.00 1090.00 1092.00 1093.00 1093.00 1094.00 1095.00
1143.00 1135.00 1126.00 1118.00 1111.00 1101.00 1087.00 1068.00 1048.00 1029.00 1013.00 998.00 987.00 979.00 975.00 974.00 977.00 981.00 984.00 987.00 990.00 992.00 994.00 995.00 995.00 994.00 994.00 994.00 994.00 994.00 995.00 996.00 997.00 999.00 1002.00 1005.00 1008.00 1012.00 1014.00 1015.00 1017.00 1018.00 1018.00 1018.00 1018.00 1018.00 1019.00 1020.00 1022.00 1024.00 1028.00 1034.00 1040.00 1048.00 1057.00 1064.00 1069.00 1073.00 1077.00 1081.00 1085.00 1089.00 1092.00 1095.00 1097.00 1098.00 1099.00 1100.00
1147.00 1137.00 1127.00 1118.00 1111.00 1101.00 1087.00 1069.00 1048.00 1029.00 1013.00 999.00 989.00 981.00 977.00 974.00 977.00 980.00 984.00 988.00 992.00 994.00 996.00 996.00 996.00 996.00 995.00 995.00 995.00 995.00 996.00 997.00 999.00 1000.00 1002.00 1006.00 1010.00 1014.00 1017.00 1018.00 1019.00 1020.00 1020.00 1020.00 1020.00 1019.00 1019.00 1020.00 1021.00 1024.00 1028.00 1032.00 1038.00 1044.00 1053.00 1060.00 1065.00 1070.00 1076.00 1081.00 1085.00 1089.00 1093.00 1096.00 1100.00 1102.00 1104.00 1105.00
1150.00 1138.00 1127.00 1118.00 1111.00 1101.00 1087.00 1069.00 1048.00 1030.00 1013.00 1000.00 990.00 983.00 978.00 974.00 975.00 980.00 984.00 989.00 994.00 997.00 998.00 998.00 998.00 998.00 997.00 997.00 997.00 998.00 998.00 999.00 1000.00 1001.00 1003.00 1006.00 1011.00 1015.00 1019.00 1020.00 1021.00 1022.00 1023.00 1023.00 1022.00 1021.00 1020.00 1020.00 1022.00 1024.00 1027.00 1031.00 1036.00 1042.00 1049.00 1056.00 1062.00 1067.00 1074.00 1080.00 1084.00 1088.00 1092.00 1097.00 1101.00 1105.00 1108.00 1110.00
1151.00 1139.00 1128.00 1119.00 1112.00 1101.00 1088.00 1069.00 1049.00 1030.00 1014.00 1001.00 992.00 984.00 978.00 973.00 974.00 979.00 985.00 990.00 995.00 999.00 1000.00 1000.00 1000.00 1000.00 1000.00 1000.00 1000.00 1000.00 1001.00 1001.00 1002.00 1003.00 1005.00 1008.00 1011.00 1015.00 1018.00 1021.00 1023.00 1024.00 1025.00 1025.00 1025.00 1023.00 1021.00 1021.00 1022.00 1025.00 1028.00 1031.00 1036.00 1040.00 1046.00 1052.00 1058.00 1064.00 1070.00 1076.00 1081.00 1085.00 1090.00 1095.00 1101.00 1107.00 1111.00 1113.00
1152.00 1140.00 1129.00 1119.00 1112.00 1102.00 1088.00 1070.00 1049.00 1030.00 1015.00 1002.00 992.00 985.00 979.00 973.00 974.00 979.00 985.00 990.00 996.00 1001.00 1002.00 1003.00 1003.00 1004.00 1004.00 1004.00 1004.00 1004.00 1004.00 1004.00 1005.00 1006.00 1007.00 1010.00 1012.00 1015.00 1018.00 1021.00 1023.00 1026.00 1027.00 1027.00 1027.00 1025.00 1024.00 1023.00 1024.00 1026.00 1028.00 1031.00 1035.00 1039.00 1044.00 1049.00 1055.00 1061.00 1067.00 1072.00 1077.00 1081.00 1086.00 1092.00 1099.00 1106.00 1112.00 1116.00
