ressources/models/Grenoble_16_dalles/BDALTIV1_FXX_0920_6460_MNT_20120919_LAMB93_IGN69.asc
ncols        400
nrows        400
xllcorner    919987.50000000
yllcorner    6450012.50000000
cellsize     25.00000000
NODATA_value -99999.00
[rows 186 to 216 of 400, columns 207 to 275 of 400]
1034.00 1049.00 1067.00 1085.00 1099.00 1112.00 1122.00 1126.00 1127.00 1125.00 1121.00 1117.00 1112.00 1106.00 1100.00 1093.00 1086.00 1078.00 1071.00 1064.00 1058.00 1053.00 1048.00 1042.00 1035.00 1029.00 1022.00 1017.00 1012.00 1008.00 1006.00 1003.00 1002.00 1000.00 996.00 992.00 987.00 984.00 983.00 983.00 983.00 984.00 985.00 986.00 987.00 987.00 988.00 987.00 987.00 985.00 984.00 982.00 980.00 977.00 974.00 970.00 966.00 961.00 953.00 943.00 934.00 923.00 912.00 901.00 889.00 877.00 864.00 852.00 843.00
1038.00 1054.00 1072.00 1089.00 1103.00 1115.00 1123.00 1126.00 1125.00 1123.00 1120.00 1116.00 1111.00 1105.00 1099.00 1093.00 1086.00 1079.00 1071.00 1064.00 1058.00 1053.00 1048.00 1042.00 1036.00 1029.00 1023.00 1018.00 1013.00 1009.00 1006.00 1005.00 1003.00 1002.00 999.00 994.00 990.00 986.00 984.00 984.00 985.00 986.00 987.00 988.00 989.00 989.00 989.00 989.00 988.00 987.00 987.00 986.00 984.00 982.00 979.00 975.00 971.00 967.00 960.00 952.00 942.00 932.00 921.00 910.00 899.00 888.00 876.00 863.00 852.00
1043.00 1060.00 1077.00 1092.00 1106.00 1116.00 1123.00 1126.00 1125.00 1122.00 1118.00 1114.00 1109.00 1103.00 1097.00 1091.00 1085.00 1078.00 1071.00 1064.00 1059.00 1054.00 1048.00 1042.00 1036.00 1030.00 1024.00 1018.00 1012.00 1008.00 1005.00 1004.00 1002.00 1002.00 1000.00 996.00 991.00 988.00 986.00 986.00 987.00 988.00 989.00 990.00 990.00 991.00 991.00 990.00 990.00 989.00 989.00 988.00 988.00 986.00 983.00 980.00 976.00 972.00 967.00 960.00 951.00 941.00 930.00 919.00 908.00 897.00 886.00 874.00 862.00
1048.00 1065.00 1080.00 1095.00 1107.00 1117.00 1123.00 1125.00 1124.00 1121.00 1117.00 1112.00 1107.00 1101.00 1095.00 1089.00 1083.00 1077.00 1071.00 1065.00 1059.00 1054.00 1048.00 1043.00 1037.00 1030.00 1024.00 1017.00 1011.00 1006.00 1002.00 1001.00 1000.00 1000.00 999.00 995.00 992.00 989.00 988.00 988.00 989.00 990.00 991.00 992.00 992.00 992.00 992.00 992.00 991.00 991.00 991.00 990.00 990.00 989.00 988.00 986.00 983.00 978.00 973.00 968.00 959.00 949.00 939.00 928.00 917.00 907.00 896.00 885.00 873.00
1052.00 1067.00 1082.00 1096.00 1108.00 1117.00 1123.00 1125.00 1124.00 1120.00 1115.00 1110.00 1104.00 1098.00 1092.00 1087.00 1081.00 1076.00 1070.00 1064.00 1059.00 1054.00 1048.00 1043.00 1037.00 1030.00 1023.00 1017.00 1010.00 1004.00 1001.00 999.00 998.00 998.00 996.00 994.00 992.00 990.00 990.00 990.00 991.00 992.00 993.00 993.00 994.00 994.00 994.00 994.00 993.00 993.00 992.00 992.00 992.00 993.00 993.00 992.00 991.00 987.00 981.00 975.00 967.00 958.00 948.00 937.00 927.00 917.00 906.00 895.00 884.00
1053.00 1068.00 1081.00 1095.00 1107.00 1117.00 1122.00 1123.00 1121.00 1117.00 1112.00 1106.00 1100.00 1094.00 1089.00 1084.00 1079.00 1073.00 1068.00 1063.00 1058.00 1053.00 1048.00 1042.00 1036.00 1030.00 1023.00 1016.00 1009.00 1003.00 999.00 997.00 996.00 995.00 994.00 993.00 992.00 991.00 991.00 992.00 993.00 994.00 994.00 995.00 996.00 996.00 996.00 996.00 995.00 994.00 994.00 995.00 995.00 996.00 997.00 998.00 998.00 996.00 990.00 984.00 976.00 966.00 957.00 946.00 936.00 927.00 917.00 906.00 895.00
1054.00 1067.00 1079.00 1093.00 1105.00 1115.00 1120.00 1120.00 1117.00 1112.00 1107.00 1101.00 1096.00 1090.00 1085.00 1080.00 1075.00 1071.00 1066.00 1061.00 1056.00 1051.00 1046.00 1041.00 1035.00 1029.00 1022.00 1016.00 1009.00 1004.00 999.00 997.00 995.00 994.00 993.00 993.00 993.00 993.00 993.00 994.00 994.00 995.00 997.00 998.00 998.00 998.00 998.00 998.00 997.00 996.00 996.00 997.00 998.00 999.00 1000.00 1002.00 1004.00 1002.00 998.00 992.00 985.00 975.00 965.00 955.00 946.00 937.00 927.00 917.00 906.00
1054.00 1065.00 1077.00 1089.00 1101.00 1110.00 1114.00 1114.00 1111.00 1106.00 1101.00 1096.00 1091.00 1085.00 1080.00 1076.00 1072.00 1068.00 1063.00 1058.00 1053.00 1048.00 1044.00 1038.00 1033.00 1027.00 1021.00 1015.00 1010.00 1005.00 1000.00 997.00 995.00 994.00 994.00 994.00 994.00 994.00 995.00 995.00 996.00 997.00 999.00 1000.00 1001.00 1001.00 1001.00 1000.00 999.00 998.00 998.00 999.00 1001.00 1002.00 1004.00 1006.00 1007.00 1006.00 1003.00 999.00 993.00 984.00 975.00 965.00 956.00 947.00 938.00 928.00 917.00
1053.00 1065.00 1075.00 1086.00 1096.00 1103.00 1106.00 1106.00 1103.00 1098.00 1094.00 1089.00 1085.00 1081.00 1076.00 1072.00 1068.00 1064.00 1060.00 1055.00 1050.00 1045.00 1041.00 1036.00 1031.00 1026.00 1021.00 1016.00 1011.00 1006.00 1002.00 998.00 996.00 995.00 995.00 995.00 995.00 996.00 996.00 997.00 998.00 1000.00 1001.00 1003.00 1004.00 1004.00 1004.00 1003.00 1001.00 1000.00 1001.00 1002.00 1004.00 1006.00 1008.00 1009.00 1010.00 1009.00 1007.00 1004.00 999.00 993.00 984.00 975.00 966.00 958.00 949.00 938.00 928.00
1053.00 1064.00 1073.00 1083.00 1091.00 1096.00 1098.00 1097.00 1094.00 1090.00 1086.00 1083.00 1079.00 1075.00 1071.00 1067.00 1063.00 1060.00 1056.00 1051.00 1047.00 1043.00 1038.00 1034.00 1030.00 1025.00 1021.00 1016.00 1012.00 1008.00 1004.00 1001.00 998.00 997.00 997.00 997.00 997.00 997.00 998.00 999.00 1000.00 1002.00 1005.00 1006.00 1007.00 1008.00 1007.00 1006.00 1005.00 1004.00 1004.00 1006.00 1007.00 1009.00 1011.00 1012.00 1012.00 1011.00 1009.00 1007.00 1004.00 999.00 993.00 985.00 976.00 968.00 959.00 948.00 938.00
1053.00 1063.00 1072.00 1080.00 1086.00 1089.00 1089.00 1088.00 1085.00 1082.00 1080.00 1077.00 1074.00 1070.00 1066.00 1063.00 1059.00 1056.00 1052.00 1048.00 1044.00 1040.00 1037.00 1033.00 1029.00 1025.00 1021.00 1017.00 1014.00 1010.00 1007.00 1004.00 1001.00 1000.00 999.00 998.00 999.00 999.00 1000.00 1001.00 1003.00 1006.00 1008.00 1010.00 1011.00 1012.00 1011.00 1010.00 1009.00 1009.00 1009.00 1010.00 1011.00 1013.00 1014.00 1015.00 1015.00 1014.00 1012.00 1010.00 1007.00 1004.00 999.00 993.00 986.00 977.00 968.00 957.00 947.00
1051.00 1061.00 1069.00 1075.00 1080.00 1082.00 1081.00 1079.00 1078.00 1076.00 1074.00 1071.00 1068.00 1065.00 1062.00 1059.00 1057.00 1053.00 1050.00 1046.00 1042.00 1039.00 1036.00 1033.00 1029.00 1026.00 1023.00 1019.00 1016.00 1013.00 1010.00 1007.00 1004.00 1002.00 1001.00 1001.00 1001.00 1001.00 1002.00 1004.00 1007.00 1009.00 1012.00 1014.00 1015.00 1016.00 1015.00 1015.00 1014.00 1014.00 1014.00 1014.00 1015.00 1016.00 1017.00 1018.00 1017.00 1016.00 1015.00 1012.00 1010.00 1007.00 1004.00 1000.00 993.00 985.00 976.00 966.00 956.00
1046.00 1056.00 1063.00 1068.00 1072.00 1074.00 1074.00 1073.00 1071.00 1070.00 1069.00 1067.00 1064.00 1062.00 1059.00 1057.00 1055.00 1052.00 1048.00 1045.00 1041.00 1039.00 1036.00 1034.00 1031.00 1028.00 1025.00 1021.00 1018.00 1015.00 1013.00 1010.00 1008.00 1006.00 1005.00 1004.00 1004.00 1005.00 1006.00 1008.00 1011.00 1013.00 1015.00 1017.00 1019.00 1020.00 1020.00 1019.00 1019.00 1018.00 1018.00 1019.00 1019.00 1020.00 1021.00 1020.00 1020.00 1019.00 1017.00 1015.00 1013.00 1011.00 1008.00 1004.00 1000.00 993.00 984.00 975.00 965.00
1037.00 1049.00 1056.00 1060.00 1064.00 1066.00 1067.00 1066.00 1066.00 1065.00 1064.00 1063.00 1061.00 1059.00 1058.00 1056.00 1054.00 1051.00 1048.00 1045.00 1042.00 1039.00 1037.00 1036.00 1033.00 1030.00 1027.00 1024.00 1021.00 1019.00 1016.00 1014.00 1012.00 1010.00 1009.00 1008.00 1009.00 1009.00 1011.00 1012.00 1015.00 1017.00 1019.00 1021.00 1022.00 1023.00 1024.00 1024.00 1023.00 1023.00 1023.00 1023.00 1023.00 1024.00 1024.00 1023.00 1023.00 1021.00 1020.00 1018.00 1016.00 1014.00 1011.00 1008.00 1005.00 1000.00 992.00 983.00 974.00
1027.00 1040.00 1049.00 1054.00 1057.00 1059.00 1060.00 1061.00 1061.00 1061.00 1061.00 1060.00 1060.00 1058.00 1057.00 1056.00 1054.00 1052.00 1049.00 1046.00 1043.00 1041.00 1040.00 1039.00 1036.00 1033.00 1030.00 1027.00 1024.00 1022.00 1020.00 1018.00 1016.00 1015.00 1014.00 1013.00 1013.00 1014.00 1015.00 1017.00 1019.00 1021.00 1023.00 1025.00 1026.00 1027.00 1028.00 1028.00 1028.00 1027.00 1027.00 1027.00 1027.00 1027.00 1027.00 1027.00 1026.00 1024.00 1022.00 1020.00 1018.00 1017.00 1015.00 1012.00 1009.00 1005.00 999.00 991.00 982.00
1018.00 1032.00 1041.00 1047.00 1051.00 1054.00 1055.00 1057.00 1058.00 1058.00 1059.00 1059.00 1059.00 1059.00 1058.00 1057.00 1055.00 1053.00 1050.00 1047.00 1045.00 1044.00 1043.00 1041.00 1039.00 1036.00 1033.00 1030.00 1027.00 1025.00 1023.00 1021.00 1020.00 1019.00 1018.00 1018.00 1018.00 1018.00 1019.00 1021.00 1023.00 1025.00 1026.00 1028.00 1030.00 1031.00 1032.00 1032.00 1032.00 1032.00 1032.00 1031.00 1031.00 1031.00 1030.00 1030.00 1029.00 1027.00 1025.00 1023.00 1021.00 1020.00 1018.00 1016.00 1013.00 1010.00 1005.00 998.00 990.00
1011.00 1023.00 1033.00 1041.00 1046.00 1049.00 1051.00 1053.00 1055.00 1056.00 1057.00 1058.00 1059.00 1060.00 1060.00 1059.00 1057.00 1055.00 1052.00 1050.00 1048.00 1046.00 1045.00 1044.00 1041.00 1039.00 1036.00 1033.00 1031.00 1028.00 1027.00 1025.00 1024.00 1023.00 1022.00 1022.00 1022.00 1022.00 1023.00 1025.00 1026.00 1028.00 1030.00 1032.00 1033.00 1034.00 1036.00 1036.00 1036.00 1036.00 1036.00 1036.00 1035.00 1034.00 1034.00 1033.00 1032.00 1030.00 1028.00 1026.00 1024.00 1023.00 1021.00 1019.00 1017.00 1014.00 1010.00 1005.00 998.00
1006.00 1017.00 1026.00 1033.00 1039.00 1044.00 1048.00 1051.00 1053.00 1055.00 1056.00 1058.00 1060.00 1061.00 1062.00 1061.00 1059.00 1057.00 1055.00 1052.00 1050.00 1049.00 1047.00 1046.00 1044.00 1041.00 1039.00 1036.00 1034.00 1032.00 1030.00 1029.00 1028.00 1027.00 1026.00 1026.00 1026.00 1027.00 1028.00 1029.00 1030.00 1032.00 1034.00 1036.00 1037.00 1038.00 1040.00 1041.00 1041.00 1041.00 1040.00 1040.00 1039.00 1038.00 1038.00 1037.00 1035.00 1033.00 1031.00 1029.00 1027.00 1026.00 1024.00 1023.00 1021.00 1019.00 1016.00 1011.00 1005.00
1003.00 1012.00 1021.00 1028.00 1034.00 1039.00 1044.00 1049.00 1052.00 1054.00 1056.00 1058.00 1061.00 1062.00 1063.00 1062.00 1061.00 1059.00 1057.00 1055.00 1053.00 1051.00 1049.00 1047.00 1046.00 1044.00 1042.00 1039.00 1037.00 1035.00 1034.00 1033.00 1032.00 1031.00 1030.00 1030.00 1030.00 1031.00 1032.00 1033.00 1035.00 1036.00 1038.00 1040.00 1042.00 1043.00 1044.00 1045.00 1046.00 1046.00 1045.00 1045.00 1044.00 1043.00 1042.00 1040.00 1039.00 1037.00 1034.00 1032.00 1030.00 1029.00 1028.00 1027.00 1025.00 1023.00 1021.00 1017.00 1011.00
1002.00 1010.00 1017.00 1024.00 1030.00 1037.00 1043.00 1047.00 1050.00 1053.00 1055.00 1058.00 1062.00 1063.00 1063.00 1063.00 1063.00 1061.00 1059.00 1057.00 1055.00 1053.00 1051.00 1049.00 1048.00 1046.00 1044.00 1042.00 1040.00 1039.00 1038.00 1037.00 1036.00 1035.00 1035.00 1035.00 1035.00 1036.00 1037.00 1039.00 1040.00 1041.00 1043.00 1045.00 1047.00 1048.00 1049.00 1050.00 1051.00 1051.00 1050.00 1050.00 1049.00 1048.00 1046.00 1045.00 1043.00 1041.00 1038.00 1035.00 1034.00 1032.00 1032.00 1031.00 1030.00 1028.00 1026.00 1022.00 1018.00
1002.00 1009.00 1016.00 1022.00 1028.00 1035.00 1041.00 1046.00 1049.00 1051.00 1054.00 1057.00 1060.00 1062.00 1063.00 1064.00 1064.00 1063.00 1061.00 1059.00 1057.00 1055.00 1053.00 1051.00 1049.00 1048.00 1046.00 1045.00 1043.00 1042.00 1041.00 1041.00 1040.00 1040.00 1041.00 1041.00 1041.00 1042.00 1043.00 1045.00 1046.00 1048.00 1050.00 1051.00 1053.00 1054.00 1055.00 1055.00 1056.00 1056.00 1055.00 1055.00 1054.00 1053.00 1051.00 1050.00 1048.00 1045.00 1042.00 1039.00 1037.00 1036.00 1036.00 1036.00 1035.00 1033.00 1031.00 1028.00 1024.00
1002.00 1009.00 1015.00 1021.00 1027.00 1033.00 1039.00 1043.00 1047.00 1050.00 1053.00 1056.00 1058.00 1061.00 1063.00 1064.00 1065.00 1065.00 1063.00 1061.00 1059.00 1056.00 1054.00 1052.00 1051.00 1050.00 1048.00 1047.00 1046.00 1045.00 1045.00 1046.00 1046.00 1047.00 1048.00 1048.00 1049.00 1050.00 1051.00 1053.00 1054.00 1055.00 1056.00 1058.00 1059.00 1059.00 1060.00 1060.00 1061.00 1061.00 1061.00 1060.00 1059.00 1058.00 1057.00 1055.00 1053.00 1050.00 1047.00 1044.00 1042.00 1041.00 1041.00 1041.00 1040.00 1039.00 1037.00 1034.00 1031.00
1001.00 1009.00 1015.00 1021.00 1027.00 1032.00 1037.00 1041.00 1045.00 1048.00 1051.00 1055.00 1058.00 1061.00 1063.00 1065.00 1066.00 1066.00 1065.00 1063.00 1061.00 1058.00 1055.00 1054.00 1052.00 1051.00 1050.00 1049.00 1048.00 1049.00 1050.00 1051.00 1053.00 1055.00 1056.00 1057.00 1058.00 1059.00 1060.00 1061.00 1062.00 1063.00 1064.00 1064.00 1065.00 1065.00 1065.00 1066.00 1066.00 1066.00 1066.00 1065.00 1065.00 1064.00 1062.00 1061.00 1058.00 1056.00 1053.00 1050.00 1048.00 1047.00 1046.00 1046.00 1046.00 1045.00 1043.00 1041.00 1038.00
1002.00 1010.00 1016.00 1022.00 1026.00 1031.00 1035.00 1039.00 1042.00 1045.00 1049.00 1054.00 1058.00 1061.00 1064.00 1066.00 1067.00 1067.00 1067.00 1065.00 1062.00 1059.00 1057.00 1055.00 1054.00 1053.00 1052.00 1051.00 1051.00 1052.00 1054.00 1057.00 1060.00 1063.00 1064.00 1066.00 1068.00 1069.00 1069.00 1069.00 1070.00 1070.00 1071.00 1071.00 1071.00 1071.00 1071.00 1071.00 1071.00 1071.00 1071.00 1071.00 1070.00 1069.00 1068.00 1066.00 1064.00 1062.00 1059.00 1057.00 1055.00 1053.00 1053.00 1052.00 1051.00 1050.00 1049.00 1047.00 1044.00
1003.00 1011.00 1017.00 1022.00 1027.00 1031.00 1034.00 1037.00 1040.00 1044.00 1049.00 1054.00 1058.00 1062.00 1065.00 1067.00 1068.00 1069.00 1068.00 1067.00 1064.00 1060.00 1058.00 1056.00 1056.00 1056.00 1055.00 1054.00 1054.00 1056.00 1060.00 1064.00 1068.00 1070.00 1073.00 1074.00 1076.00 1077.00 1077.00 1077.00 1077.00 1078.00 1078.00 1078.00 1078.00 1077.00 1076.00 1076.00 1076.00 1076.00 1076.00 1076.00 1075.00 1074.00 1073.00 1072.00 1070.00 1068.00 1066.00 1063.00 1062.00 1060.00 1059.00 1058.00 1057.00 1056.00 1055.00 1053.00 1050.00
1005.00 1013.00 1019.00 1024.00 1027.00 1031.00 1034.00 1036.00 1039.00 1044.00 1050.00 1054.00 1059.00 1063.00 1066.00 1069.00 1070.00 1070.00 1070.00 1068.00 1066.00 1063.00 1060.00 1059.00 1059.00 1059.00 1059.00 1059.00 1060.00 1062.00 1067.00 1072.00 1076.00 1078.00 1080.00 1082.00 1083.00 1084.00 1084.00 1084.00 1084.00 1084.00 1084.00 1084.00 1083.00 1082.00 1081.00 1081.00 1081.00 1081.00 1082.00 1081.00 1081.00 1080.00 1078.00 1077.00 1075.00 1074.00 1072.00 1070.00 1068.00 1067.00 1066.00 1064.00 1063.00 1062.00 1060.00 1058.00 1056.00
1007.00 1015.00 1020.00 1025.00 1028.00 1032.00 1035.00 1038.00 1042.00 1048.00 1053.00 1058.00 1062.00 1065.00 1068.00 1070.00 1072.00 1072.00 1072.00 1070.00 1069.00 1066.00 1064.00 1063.00 1063.00 1063.00 1065.00 1067.00 1070.00 1073.00 1077.00 1081.00 1083.00 1085.00 1086.00 1088.00 1089.00 1090.00 1090.00 1090.00 1090.00 1090.00 1090.00 1089.00 1089.00 1088.00 1087.00 1087.00 1087.00 1087.00 1087.00 1086.00 1086.00 1085.00 1084.00 1082.00 1081.00 1080.00 1078.00 1076.00 1075.00 1073.00 1072.00 1071.00 1069.00 1068.00 1066.00 1063.00 1061.00
1010.00 1017.00 1022.00 1026.00 1030.00 1033.00 1037.00 1041.00 1047.00 1053.00 1059.00 1062.00 1066.00 1068.00 1071.00 1073.00 1073.00 1074.00 1073.00 1073.00 1072.00 1070.00 1069.00 1068.00 1068.00 1068.00 1071.00 1075.00 1079.00 1083.00 1085.00 1087.00 1089.00 1090.00 1092.00 1093.00 1094.00 1095.00 1095.00 1095.00 1095.00 1095.00 1095.00 1094.00 1094.00 1093.00 1092.00 1092.00 1092.00 1092.00 1092.00 1092.00 1091.00 1090.00 1089.00 1088.00 1087.00 1085.00 1084.00 1082.00 1081.00 1079.00 1078.00 1076.00 1075.00 1073.00 1071.00 1068.00 1066.00
1013.00 1018.00 1023.00 1027.00 1031.00 1035.00 1040.00 1045.00 1052.00 1059.00 1064.00 1067.00 1070.00 1072.00 1074.00 1075.00 1076.00 1076.00 1076.00 1075.00 1075.00 1075.00 1075.00 1074.00 1074.00 1074.00 1074.00 1076.00 1083.00 1089.00 1092.00 1093.00 1095.00 1096.00 1097.00 1098.00 1099.00 1100.00 1100.00 1100.00 1100.00 1100.00 1100.00 1099.00 1099.00 1098.00 1098.00 1097.00 1097.00 1097.00 1097.00 1097.00 1096.00 1096.00 1095.00 1094.00 1092.00 1091.00 1089.00 1088.00 1086.00 1085.00 1083.00 1082.00 1081.00 1079.00 1076.00 1074.00 1071.00
1015.00 1019.00 1024.00 1028.00 1032.00 1037.00 1042.00 1049.00 1057.00 1063.00 1068.00 1071.00 1074.00 1076.00 1077.00 1078.00 1078.00 1078.00 1079.00 1079.00 1079.00 1080.00 1080.00 1080.00 1080.00 1080.00 1079.00 1080.00 1085.00 1092.00 1096.00 1098.00 1100.00 1101.00 1102.00 1103.00 1104.00 1104.00 1104.00 1105.00 1105.00 1105.00 1104.00 1104.00 1104.00 1103.00 1103.00 1103.00 1102.00 1102.00 1102.00 1102.00 1101.00 1101.00 1100.00 1099.00 1098.00 1097.00 1095.00 1093.00 1091.00 1090.00 1088.00 1087.00 1086.00 1084.00 1082.00 1079.00 1076.00
1016.00 1020.00 1024.00 1028.00 1033.00 1039.00 1045.00 1053.00 1060.00 1066.00 1071.00 1075.00 1077.00 1079.00 1080.00 1081.00 1081.00 1082.00 1082.00 1083.00 1083.00 1084.00 1085.00 1086.00 1086.00 1086.00 1086.00 1087.00 1091.00 1096.00 1100.00 1103.00 1105.00 1106.00 1107.00 1108.00 1109.00 1109.00 1109.00 1110.00 1110.00 1110.00 1110.00 1109.00 1109.00 1109.00 1108.00 1108.00 1108.00 1107.00 1107.00 1107.00 1107.00 1106.00 1106.00 1105.00 1104.00 1102.00 1100.00 1098.00 1096.00 1095.00 1093.00 1092.00 1090.00 1089.00 1087.00 1084.00 1082.00
