ressources/DEM/Grenoble_16_dalles/BDALTIV1_FXX_0920_6450_MNT_20120919_LAMB93_IGN69.asc
ncols        400
nrows        400
xllcorner    919987.50000000
yllcorner    6440012.50000000
cellsize     25.00000000
NODATA_value -99999.00
[rows 360 to 389 of 400, columns 69 to 137 of 400]
936.00 927.00 913.00 896.00 879.00 862.00 847.00 833.00 821.00 810.00 799.00 791.00 783.00 774.00 761.00 744.00 727.00 717.00 716.00 720.00 725.00 726.00 723.00 718.00 712.00 701.00 682.00 665.00 658.00 665.00 671.00 675.00 679.00 682.00 683.00 684.00 696.00 712.00 740.00 763.00 767.00 776.00 793.00 814.00 832.00 851.00 870.00 889.00 906.00 921.00 936.00 950.00 966.00 984.00 1001.00 1018.00 1035.00 1051.00 1075.00 1119.00 1154.00 1181.00 1202.00 1221.00 1241.00 1262.00 1280.00 1294.00 1307.00
939.00 930.00 917.00 900.00 883.00 867.00 852.00 838.00 827.00 816.00 805.00 796.00 786.00 776.00 763.00 752.00 744.00 740.00 742.00 745.00 747.00 745.00 740.00 734.00 728.00 718.00 702.00 682.00 669.00 674.00 682.00 688.00 693.00 697.00 696.00 691.00 703.00 718.00 736.00 747.00 751.00 756.00 769.00 792.00 813.00 834.00 855.00 877.00 896.00 913.00 928.00 943.00 959.00 976.00 993.00 1010.00 1028.00 1045.00 1069.00 1108.00 1145.00 1176.00 1202.00 1223.00 1244.00 1267.00 1286.00 1299.00 1310.00
942.00 932.00 920.00 904.00 887.00 872.00 858.00 844.00 833.00 822.00 812.00 802.00 790.00 780.00 771.00 765.00 763.00 764.00 766.00 768.00 767.00 763.00 757.00 750.00 743.00 734.00 720.00 700.00 682.00 680.00 690.00 700.00 709.00 715.00 712.00 704.00 707.00 717.00 727.00 742.00 749.00 759.00 764.00 773.00 793.00 818.00 839.00 861.00 885.00 904.00 920.00 936.00 951.00 968.00 987.00 1005.00 1022.00 1039.00 1063.00 1098.00 1136.00 1169.00 1201.00 1223.00 1246.00 1272.00 1291.00 1304.00 1314.00
946.00 935.00 923.00 907.00 891.00 876.00 862.00 851.00 841.00 830.00 819.00 806.00 794.00 788.00 784.00 783.00 783.00 785.00 787.00 786.00 785.00 782.00 776.00 769.00 760.00 750.00 736.00 718.00 699.00 687.00 698.00 711.00 725.00 732.00 727.00 718.00 714.00 718.00 729.00 753.00 768.00 780.00 782.00 776.00 785.00 803.00 823.00 842.00 870.00 893.00 911.00 928.00 944.00 961.00 980.00 999.00 1017.00 1035.00 1058.00 1089.00 1127.00 1161.00 1196.00 1222.00 1248.00 1276.00 1295.00 1308.00 1317.00
951.00 939.00 926.00 909.00 892.00 877.00 866.00 856.00 847.00 838.00 825.00 810.00 801.00 799.00 800.00 800.00 802.00 804.00 805.00 803.00 801.00 799.00 796.00 789.00 780.00 767.00 751.00 734.00 717.00 698.00 704.00 721.00 739.00 747.00 743.00 735.00 730.00 733.00 748.00 774.00 793.00 805.00 807.00 797.00 792.00 793.00 808.00 829.00 854.00 880.00 901.00 919.00 936.00 954.00 973.00 994.00 1013.00 1032.00 1055.00 1083.00 1121.00 1152.00 1189.00 1218.00 1250.00 1281.00 1299.00 1309.00 1317.00
956.00 943.00 929.00 912.00 894.00 879.00 868.00 860.00 853.00 845.00 831.00 814.00 812.00 815.00 816.00 818.00 820.00 822.00 823.00 821.00 817.00 814.00 812.00 807.00 799.00 787.00 768.00 750.00 733.00 715.00 707.00 725.00 750.00 761.00 758.00 753.00 752.00 756.00 773.00 796.00 813.00 822.00 825.00 818.00 809.00 796.00 799.00 819.00 840.00 866.00 889.00 909.00 929.00 947.00 967.00 990.00 1010.00 1030.00 1053.00 1080.00 1116.00 1146.00 1182.00 1215.00 1252.00 1284.00 1300.00 1310.00 1318.00
962.00 948.00 934.00 917.00 898.00 881.00 870.00 862.00 856.00 850.00 837.00 824.00 827.00 832.00 834.00 836.00 838.00 841.00 841.00 838.00 833.00 829.00 825.00 821.00 815.00 806.00 790.00 769.00 750.00 733.00 715.00 724.00 758.00 771.00 772.00 773.00 777.00 782.00 796.00 813.00 828.00 836.00 840.00 838.00 831.00 814.00 804.00 811.00 828.00 851.00 876.00 899.00 923.00 941.00 962.00 987.00 1009.00 1029.00 1052.00 1078.00 1111.00 1141.00 1177.00 1213.00 1252.00 1285.00 1298.00 1310.00 1320.00
968.00 954.00 939.00 922.00 907.00 889.00 875.00 866.00 858.00 851.00 842.00 839.00 843.00 848.00 852.00 855.00 857.00 860.00 861.00 858.00 852.00 846.00 840.00 834.00 829.00 821.00 808.00 790.00 769.00 751.00 733.00 728.00 761.00 776.00 782.00 791.00 799.00 804.00 813.00 827.00 840.00 849.00 854.00 855.00 850.00 836.00 818.00 809.00 820.00 839.00 862.00 886.00 916.00 937.00 958.00 985.00 1008.00 1028.00 1051.00 1075.00 1106.00 1138.00 1174.00 1212.00 1251.00 1284.00 1296.00 1311.00 1324.00
974.00 960.00 946.00 934.00 924.00 908.00 887.00 873.00 864.00 859.00 856.00 858.00 862.00 866.00 870.00 873.00 876.00 879.00 881.00 878.00 873.00 866.00 858.00 851.00 844.00 835.00 823.00 809.00 790.00 770.00 753.00 742.00 759.00 776.00 789.00 802.00 812.00 818.00 827.00 838.00 850.00 860.00 867.00 870.00 865.00 853.00 835.00 818.00 817.00 830.00 849.00 875.00 908.00 933.00 956.00 982.00 1008.00 1028.00 1050.00 1074.00 1103.00 1134.00 1171.00 1212.00 1250.00 1284.00 1297.00 1314.00 1329.00
977.00 966.00 953.00 944.00 936.00 925.00 906.00 883.00 876.00 875.00 875.00 877.00 881.00 885.00 888.00 891.00 895.00 899.00 900.00 897.00 891.00 884.00 877.00 869.00 860.00 850.00 839.00 826.00 809.00 789.00 773.00 761.00 759.00 776.00 793.00 807.00 819.00 828.00 837.00 848.00 860.00 871.00 880.00 884.00 879.00 867.00 850.00 834.00 823.00 825.00 839.00 866.00 903.00 930.00 954.00 981.00 1008.00 1028.00 1049.00 1073.00 1099.00 1129.00 1168.00 1211.00 1248.00 1284.00 1300.00 1319.00 1333.00
976.00 965.00 956.00 949.00 943.00 935.00 920.00 900.00 894.00 896.00 897.00 899.00 900.00 903.00 906.00 910.00 914.00 917.00 919.00 916.00 909.00 901.00 894.00 887.00 877.00 866.00 855.00 843.00 828.00 810.00 793.00 780.00 769.00 778.00 794.00 809.00 823.00 835.00 846.00 857.00 869.00 881.00 892.00 897.00 894.00 883.00 867.00 852.00 839.00 830.00 835.00 859.00 898.00 929.00 955.00 981.00 1006.00 1027.00 1048.00 1071.00 1097.00 1126.00 1165.00 1206.00 1243.00 1285.00 1304.00 1323.00 1337.00
973.00 963.00 956.00 951.00 946.00 940.00 929.00 915.00 914.00 917.00 918.00 918.00 919.00 920.00 924.00 928.00 932.00 936.00 937.00 935.00 928.00 919.00 911.00 903.00 893.00 883.00 872.00 859.00 846.00 831.00 816.00 800.00 787.00 783.00 792.00 808.00 824.00 838.00 852.00 865.00 879.00 892.00 904.00 910.00 907.00 898.00 887.00 878.00 868.00 851.00 841.00 857.00 895.00 928.00 955.00 981.00 1005.00 1026.00 1048.00 1070.00 1095.00 1125.00 1163.00 1202.00 1238.00 1285.00 1309.00 1328.00 1340.00
969.00 961.00 957.00 953.00 947.00 939.00 931.00 929.00 931.00 934.00 934.00 934.00 935.00 937.00 940.00 945.00 949.00 952.00 954.00 953.00 948.00 939.00 930.00 920.00 910.00 898.00 885.00 872.00 860.00 848.00 836.00 822.00 807.00 796.00 792.00 808.00 824.00 841.00 856.00 872.00 888.00 903.00 914.00 921.00 920.00 915.00 911.00 905.00 897.00 879.00 857.00 863.00 896.00 928.00 955.00 979.00 1003.00 1025.00 1047.00 1069.00 1095.00 1125.00 1164.00 1200.00 1234.00 1285.00 1312.00 1331.00 1342.00
970.00 962.00 959.00 955.00 950.00 944.00 942.00 944.00 946.00 947.00 948.00 949.00 949.00 952.00 956.00 961.00 965.00 968.00 969.00 969.00 965.00 958.00 950.00 940.00 926.00 912.00 898.00 884.00 871.00 861.00 852.00 841.00 828.00 814.00 802.00 808.00 823.00 842.00 860.00 878.00 895.00 911.00 923.00 931.00 933.00 933.00 932.00 926.00 915.00 898.00 877.00 873.00 899.00 928.00 952.00 976.00 1000.00 1024.00 1047.00 1069.00 1095.00 1126.00 1164.00 1199.00 1230.00 1280.00 1312.00 1332.00 1344.00
975.00 969.00 966.00 963.00 959.00 958.00 959.00 959.00 960.00 961.00 961.00 962.00 964.00 967.00 973.00 978.00 981.00 983.00 984.00 982.00 978.00 973.00 967.00 958.00 944.00 928.00 912.00 897.00 882.00 870.00 862.00 855.00 845.00 833.00 816.00 811.00 821.00 843.00 864.00 883.00 901.00 917.00 930.00 939.00 945.00 950.00 951.00 942.00 928.00 910.00 893.00 885.00 904.00 929.00 951.00 975.00 999.00 1024.00 1048.00 1071.00 1096.00 1127.00 1165.00 1198.00 1226.00 1267.00 1308.00 1331.00 1344.00
983.00 980.00 977.00 975.00 973.00 973.00 974.00 974.00 974.00 974.00 975.00 976.00 979.00 983.00 990.00 996.00 1000.00 1001.00 1000.00 996.00 991.00 986.00 980.00 972.00 960.00 944.00 928.00 913.00 897.00 882.00 873.00 866.00 858.00 847.00 830.00 817.00 822.00 844.00 868.00 888.00 905.00 921.00 936.00 948.00 957.00 965.00 968.00 958.00 941.00 923.00 906.00 895.00 911.00 934.00 955.00 981.00 1004.00 1028.00 1052.00 1075.00 1099.00 1130.00 1166.00 1198.00 1223.00 1255.00 1300.00 1328.00 1343.00
995.00 992.00 990.00 989.00 988.00 988.00 988.00 989.00 989.00 989.00 989.00 991.00 995.00 1001.00 1009.00 1017.00 1022.00 1023.00 1020.00 1014.00 1007.00 999.00 992.00 985.00 973.00 959.00 944.00 929.00 914.00 898.00 886.00 877.00 869.00 858.00 843.00 828.00 828.00 847.00 870.00 891.00 910.00 926.00 941.00 956.00 968.00 977.00 983.00 978.00 956.00 936.00 919.00 906.00 917.00 942.00 966.00 994.00 1014.00 1037.00 1062.00 1084.00 1107.00 1137.00 1171.00 1200.00 1224.00 1252.00 1292.00 1323.00 1339.00
1010.00 1006.00 1003.00 1001.00 1001.00 1002.00 1002.00 1003.00 1004.00 1004.00 1004.00 1007.00 1014.00 1021.00 1029.00 1037.00 1041.00 1042.00 1039.00 1033.00 1025.00 1016.00 1007.00 998.00 987.00 973.00 958.00 943.00 929.00 915.00 902.00 891.00 880.00 868.00 854.00 840.00 836.00 852.00 874.00 895.00 914.00 931.00 947.00 962.00 976.00 986.00 992.00 996.00 974.00 951.00 932.00 918.00 925.00 951.00 981.00 1007.00 1026.00 1049.00 1075.00 1098.00 1120.00 1148.00 1180.00 1206.00 1229.00 1255.00 1286.00 1316.00 1334.00
1027.00 1020.00 1015.00 1013.00 1013.00 1015.00 1016.00 1018.00 1019.00 1021.00 1023.00 1027.00 1034.00 1042.00 1049.00 1055.00 1058.00 1058.00 1054.00 1049.00 1042.00 1033.00 1023.00 1013.00 1001.00 988.00 972.00 955.00 941.00 929.00 916.00 904.00 891.00 879.00 865.00 852.00 842.00 858.00 878.00 899.00 918.00 936.00 952.00 968.00 983.00 994.00 1001.00 1008.00 993.00 968.00 946.00 930.00 933.00 960.00 992.00 1016.00 1036.00 1060.00 1087.00 1111.00 1134.00 1160.00 1189.00 1214.00 1237.00 1261.00 1286.00 1311.00 1329.00
1041.00 1034.00 1027.00 1025.00 1025.00 1027.00 1030.00 1032.00 1035.00 1039.00 1042.00 1047.00 1053.00 1060.00 1067.00 1072.00 1074.00 1073.00 1067.00 1061.00 1055.00 1047.00 1038.00 1027.00 1014.00 1001.00 985.00 967.00 952.00 939.00 927.00 915.00 903.00 890.00 877.00 862.00 849.00 863.00 882.00 902.00 922.00 939.00 956.00 973.00 989.00 1002.00 1013.00 1018.00 1009.00 988.00 963.00 945.00 942.00 964.00 996.00 1021.00 1042.00 1065.00 1092.00 1120.00 1143.00 1169.00 1197.00 1223.00 1246.00 1267.00 1288.00 1308.00 1324.00
1053.00 1046.00 1041.00 1037.00 1037.00 1040.00 1043.00 1047.00 1051.00 1055.00 1060.00 1065.00 1071.00 1077.00 1083.00 1088.00 1090.00 1089.00 1081.00 1073.00 1067.00 1059.00 1049.00 1038.00 1026.00 1012.00 997.00 979.00 962.00 948.00 936.00 926.00 914.00 902.00 888.00 873.00 858.00 867.00 884.00 904.00 924.00 941.00 958.00 976.00 993.00 1010.00 1023.00 1029.00 1022.00 1006.00 984.00 963.00 953.00 966.00 993.00 1019.00 1041.00 1064.00 1090.00 1121.00 1145.00 1171.00 1201.00 1229.00 1252.00 1271.00 1288.00 1305.00 1320.00
1064.00 1058.00 1053.00 1051.00 1051.00 1054.00 1057.00 1062.00 1067.00 1072.00 1077.00 1082.00 1088.00 1094.00 1100.00 1105.00 1108.00 1107.00 1098.00 1088.00 1080.00 1070.00 1059.00 1048.00 1035.00 1022.00 1007.00 991.00 974.00 957.00 945.00 934.00 924.00 913.00 900.00 885.00 869.00 870.00 887.00 906.00 925.00 942.00 959.00 978.00 996.00 1015.00 1031.00 1039.00 1037.00 1024.00 1007.00 986.00 970.00 969.00 989.00 1013.00 1036.00 1060.00 1085.00 1116.00 1142.00 1170.00 1202.00 1231.00 1253.00 1270.00 1286.00 1302.00 1315.00
1076.00 1071.00 1067.00 1065.00 1066.00 1069.00 1073.00 1077.00 1082.00 1088.00 1093.00 1099.00 1105.00 1113.00 1119.00 1125.00 1126.00 1124.00 1115.00 1104.00 1093.00 1080.00 1068.00 1057.00 1045.00 1032.00 1018.00 1003.00 986.00 969.00 954.00 943.00 933.00 923.00 911.00 897.00 881.00 875.00 888.00 907.00 925.00 942.00 960.00 979.00 998.00 1017.00 1035.00 1047.00 1051.00 1044.00 1029.00 1009.00 987.00 977.00 991.00 1013.00 1034.00 1059.00 1084.00 1113.00 1140.00 1170.00 1203.00 1231.00 1252.00 1268.00 1283.00 1297.00 1310.00
1093.00 1087.00 1081.00 1080.00 1083.00 1086.00 1090.00 1094.00 1099.00 1104.00 1111.00 1118.00 1126.00 1135.00 1143.00 1147.00 1145.00 1139.00 1130.00 1119.00 1107.00 1092.00 1078.00 1066.00 1054.00 1041.00 1028.00 1014.00 1000.00 982.00 965.00 951.00 941.00 932.00 922.00 909.00 894.00 882.00 889.00 908.00 926.00 943.00 960.00 979.00 998.00 1017.00 1035.00 1050.00 1060.00 1060.00 1048.00 1026.00 1000.00 987.00 1001.00 1020.00 1040.00 1065.00 1092.00 1119.00 1146.00 1176.00 1207.00 1232.00 1250.00 1265.00 1278.00 1292.00 1304.00
1112.00 1107.00 1103.00 1101.00 1102.00 1104.00 1108.00 1111.00 1116.00 1122.00 1131.00 1140.00 1148.00 1158.00 1166.00 1168.00 1163.00 1153.00 1143.00 1132.00 1120.00 1105.00 1090.00 1076.00 1063.00 1051.00 1038.00 1025.00 1011.00 997.00 979.00 962.00 951.00 941.00 932.00 921.00 906.00 892.00 891.00 909.00 927.00 943.00 960.00 979.00 997.00 1015.00 1033.00 1051.00 1065.00 1071.00 1061.00 1039.00 1013.00 1000.00 1012.00 1031.00 1051.00 1076.00 1104.00 1129.00 1155.00 1185.00 1211.00 1232.00 1249.00 1261.00 1274.00 1287.00 1299.00
1130.00 1126.00 1123.00 1121.00 1120.00 1121.00 1124.00 1128.00 1134.00 1141.00 1151.00 1161.00 1169.00 1178.00 1185.00 1187.00 1181.00 1169.00 1156.00 1144.00 1132.00 1118.00 1102.00 1087.00 1073.00 1060.00 1047.00 1034.00 1022.00 1008.00 993.00 976.00 962.00 951.00 941.00 931.00 918.00 904.00 897.00 912.00 930.00 945.00 961.00 979.00 996.00 1013.00 1030.00 1049.00 1067.00 1078.00 1072.00 1050.00 1026.00 1014.00 1022.00 1040.00 1060.00 1086.00 1115.00 1139.00 1163.00 1190.00 1212.00 1230.00 1245.00 1257.00 1269.00 1281.00 1292.00
1148.00 1145.00 1142.00 1140.00 1139.00 1140.00 1141.00 1145.00 1152.00 1161.00 1169.00 1178.00 1187.00 1195.00 1202.00 1204.00 1198.00 1185.00 1170.00 1156.00 1144.00 1129.00 1113.00 1098.00 1083.00 1069.00 1056.00 1043.00 1031.00 1019.00 1006.00 991.00 976.00 962.00 951.00 940.00 928.00 914.00 904.00 915.00 933.00 949.00 964.00 979.00 994.00 1010.00 1026.00 1044.00 1064.00 1081.00 1080.00 1061.00 1039.00 1028.00 1031.00 1046.00 1067.00 1093.00 1122.00 1147.00 1169.00 1190.00 1208.00 1224.00 1238.00 1251.00 1263.00 1274.00 1283.00
1164.00 1162.00 1160.00 1158.00 1158.00 1158.00 1160.00 1164.00 1171.00 1179.00 1187.00 1194.00 1203.00 1212.00 1219.00 1219.00 1213.00 1199.00 1184.00 1170.00 1157.00 1142.00 1125.00 1109.00 1093.00 1078.00 1065.00 1053.00 1040.00 1028.00 1016.00 1004.00 990.00 976.00 962.00 950.00 937.00 923.00 912.00 920.00 938.00 954.00 969.00 982.00 994.00 1007.00 1022.00 1039.00 1059.00 1078.00 1085.00 1071.00 1053.00 1042.00 1040.00 1049.00 1069.00 1097.00 1125.00 1152.00 1172.00 1188.00 1201.00 1216.00 1230.00 1243.00 1255.00 1264.00 1272.00
1180.00 1179.00 1178.00 1177.00 1177.00 1178.00 1180.00 1184.00 1190.00 1197.00 1203.00 1210.00 1218.00 1228.00 1234.00 1234.00 1225.00 1211.00 1196.00 1182.00 1169.00 1154.00 1137.00 1120.00 1103.00 1088.00 1074.00 1063.00 1051.00 1037.00 1025.00 1015.00 1004.00 991.00 977.00 962.00 949.00 933.00 921.00 927.00 944.00 962.00 977.00 988.00 997.00 1009.00 1022.00 1035.00 1053.00 1072.00 1084.00 1081.00 1068.00 1057.00 1051.00 1053.00 1068.00 1095.00 1124.00 1151.00 1170.00 1183.00 1194.00 1207.00 1221.00 1234.00 1245.00 1253.00 1259.00
1195.00 1195.00 1195.00 1195.00 1196.00 1196.00 1199.00 1202.00 1207.00 1213.00 1219.00 1226.00 1234.00 1243.00 1248.00 1245.00 1236.00 1222.00 1207.00 1193.00 1179.00 1165.00 1149.00 1132.00 1115.00 1099.00 1086.00 1075.00 1062.00 1048.00 1035.00 1025.00 1017.00 1006.00 992.00 977.00 961.00 944.00 929.00 933.00 950.00 972.00 990.00 999.00 1007.00 1017.00 1027.00 1038.00 1052.00 1068.00 1082.00 1087.00 1082.00 1074.00 1066.00 1062.00 1068.00 1089.00 1117.00 1145.00 1163.00 1175.00 1186.00 1198.00 1211.00 1223.00 1233.00 1241.00 1246.00
