ressources/DEM/Grenoble_16_dalles/BDALTIV1_FXX_0910_6470_MNT_20120919_LAMB93_IGN69.asc
ncols        400
nrows        400
xllcorner    909987.50000000
yllcorner    6460012.50000000
cellsize     25.00000000
NODATA_value -99999.00
[rows 217 to 247 of 400, columns 70 to 139 of 400]
292.00 278.00 277.00 291.00 304.00 318.00 330.00 345.00 362.00 379.00 397.00 414.00 435.00 462.00 492.00 526.00 563.00 593.00 608.00 621.00 630.00 637.00 641.00 643.00 642.00 636.00 628.00 618.00 610.00 602.00 593.00 583.00 570.00 556.00 545.00 538.00 533.00 532.00 535.00 540.00 542.00 538.00 532.00 525.00 519.00 512.00 507.00 503.00 497.00 491.00 486.00 481.00 476.00 473.00 472.00 472.00 472.00 472.00 471.00 471.00 472.00 473.00 474.00 474.00 475.00 474.00 473.00 472.00 470.00 468.00
290.00 278.00 277.00 292.00 307.00 322.00 337.00 353.00 370.00 388.00 405.00 425.00 450.00 479.00 509.00 548.00 589.00 614.00 627.00 640.00 649.00 656.00 661.00 662.00 660.00 652.00 642.00 631.00 620.00 612.00 603.00 593.00 579.00 565.00 557.00 551.00 549.00 549.00 551.00 553.00 552.00 547.00 540.00 532.00 526.00 520.00 514.00 509.00 503.00 497.00 492.00 487.00 482.00 478.00 477.00 477.00 477.00 477.00 476.00 475.00 476.00 476.00 476.00 477.00 476.00 476.00 475.00 474.00 472.00 471.00
288.00 278.00 279.00 295.00 311.00 328.00 344.00 361.00 378.00 396.00 414.00 438.00 467.00 494.00 526.00 568.00 607.00 627.00 642.00 655.00 665.00 674.00 680.00 681.00 677.00 669.00 658.00 646.00 633.00 621.00 612.00 601.00 587.00 575.00 567.00 561.00 559.00 559.00 560.00 561.00 559.00 556.00 549.00 541.00 533.00 527.00 522.00 516.00 510.00 504.00 498.00 493.00 489.00 485.00 483.00 483.00 483.00 482.00 481.00 480.00 480.00 480.00 479.00 478.00 478.00 478.00 477.00 476.00 475.00 473.00
280.00 277.00 285.00 302.00 318.00 335.00 351.00 369.00 387.00 405.00 425.00 453.00 482.00 509.00 543.00 586.00 618.00 637.00 654.00 666.00 678.00 689.00 696.00 697.00 692.00 682.00 672.00 661.00 649.00 635.00 622.00 610.00 599.00 590.00 581.00 574.00 571.00 568.00 569.00 570.00 568.00 564.00 558.00 551.00 542.00 534.00 529.00 523.00 517.00 510.00 505.00 500.00 496.00 492.00 490.00 489.00 489.00 488.00 487.00 485.00 484.00 483.00 482.00 481.00 481.00 480.00 479.00 478.00 477.00 476.00
275.00 282.00 296.00 311.00 327.00 343.00 360.00 378.00 396.00 415.00 439.00 468.00 495.00 522.00 561.00 602.00 627.00 646.00 661.00 674.00 687.00 699.00 706.00 708.00 704.00 694.00 683.00 672.00 662.00 651.00 638.00 624.00 614.00 605.00 596.00 589.00 586.00 583.00 582.00 583.00 580.00 574.00 567.00 560.00 553.00 545.00 537.00 531.00 525.00 518.00 512.00 507.00 502.00 498.00 496.00 495.00 495.00 495.00 493.00 492.00 490.00 488.00 487.00 485.00 484.00 483.00 482.00 481.00 480.00 479.00
285.00 295.00 307.00 321.00 336.00 353.00 371.00 388.00 407.00 428.00 454.00 480.00 506.00 536.00 577.00 612.00 633.00 652.00 667.00 681.00 695.00 705.00 712.00 715.00 714.00 706.00 694.00 683.00 672.00 662.00 653.00 640.00 627.00 617.00 609.00 605.00 603.00 600.00 599.00 599.00 594.00 585.00 578.00 570.00 563.00 556.00 549.00 542.00 535.00 527.00 520.00 513.00 509.00 505.00 503.00 502.00 502.00 502.00 501.00 499.00 497.00 494.00 492.00 490.00 488.00 487.00 486.00 484.00 483.00 482.00
299.00 309.00 320.00 332.00 348.00 365.00 382.00 399.00 419.00 442.00 466.00 490.00 516.00 551.00 590.00 619.00 638.00 657.00 674.00 689.00 701.00 710.00 717.00 721.00 722.00 717.00 707.00 695.00 683.00 673.00 663.00 654.00 642.00 629.00 621.00 616.00 613.00 610.00 609.00 608.00 606.00 600.00 592.00 583.00 574.00 567.00 560.00 555.00 549.00 539.00 529.00 521.00 516.00 512.00 510.00 509.00 509.00 510.00 509.00 507.00 504.00 500.00 497.00 495.00 493.00 491.00 489.00 488.00 486.00 485.00
312.00 323.00 333.00 346.00 363.00 379.00 394.00 411.00 432.00 454.00 476.00 499.00 529.00 566.00 600.00 622.00 642.00 663.00 681.00 695.00 706.00 715.00 722.00 728.00 731.00 728.00 719.00 708.00 696.00 685.00 674.00 664.00 655.00 645.00 637.00 632.00 626.00 621.00 619.00 617.00 615.00 612.00 606.00 598.00 589.00 579.00 571.00 565.00 560.00 552.00 542.00 532.00 525.00 521.00 518.00 517.00 517.00 517.00 516.00 513.00 509.00 506.00 503.00 500.00 498.00 495.00 493.00 491.00 490.00 488.00
326.00 337.00 349.00 363.00 378.00 392.00 407.00 425.00 444.00 464.00 485.00 510.00 544.00 577.00 604.00 626.00 648.00 669.00 687.00 700.00 711.00 720.00 728.00 735.00 739.00 739.00 733.00 722.00 710.00 699.00 688.00 676.00 666.00 660.00 656.00 653.00 645.00 637.00 636.00 634.00 628.00 622.00 616.00 611.00 604.00 592.00 581.00 574.00 568.00 562.00 554.00 546.00 538.00 532.00 529.00 527.00 526.00 525.00 523.00 520.00 516.00 512.00 509.00 506.00 503.00 499.00 496.00 494.00 493.00 492.00
339.00 352.00 366.00 380.00 393.00 405.00 420.00 436.00 455.00 475.00 497.00 525.00 558.00 586.00 610.00 632.00 655.00 676.00 692.00 705.00 716.00 725.00 735.00 742.00 747.00 748.00 745.00 737.00 726.00 715.00 704.00 692.00 682.00 674.00 669.00 667.00 661.00 658.00 662.00 661.00 652.00 639.00 629.00 622.00 616.00 607.00 594.00 584.00 576.00 570.00 563.00 557.00 550.00 544.00 540.00 537.00 535.00 532.00 530.00 526.00 523.00 519.00 515.00 512.00 508.00 503.00 500.00 498.00 496.00 495.00
351.00 366.00 382.00 395.00 405.00 417.00 430.00 446.00 466.00 486.00 510.00 540.00 569.00 594.00 617.00 640.00 662.00 682.00 698.00 711.00 722.00 732.00 742.00 750.00 755.00 758.00 757.00 753.00 744.00 733.00 722.00 712.00 702.00 693.00 687.00 683.00 678.00 678.00 682.00 682.00 674.00 661.00 650.00 640.00 630.00 619.00 608.00 597.00 587.00 579.00 572.00 566.00 560.00 555.00 551.00 547.00 544.00 540.00 536.00 532.00 528.00 525.00 520.00 516.00 512.00 507.00 503.00 501.00 499.00 498.00
363.00 381.00 398.00 409.00 418.00 430.00 443.00 459.00 478.00 500.00 525.00 554.00 579.00 602.00 626.00 648.00 670.00 689.00 704.00 717.00 729.00 740.00 750.00 759.00 766.00 771.00 773.00 770.00 763.00 752.00 741.00 733.00 726.00 716.00 709.00 703.00 697.00 697.00 701.00 701.00 693.00 680.00 667.00 658.00 648.00 636.00 622.00 610.00 600.00 590.00 582.00 576.00 570.00 565.00 561.00 557.00 553.00 549.00 544.00 538.00 533.00 529.00 525.00 520.00 515.00 511.00 507.00 504.00 503.00 501.00
372.00 392.00 411.00 424.00 436.00 449.00 461.00 474.00 493.00 516.00 542.00 567.00 588.00 611.00 634.00 656.00 677.00 696.00 711.00 724.00 736.00 747.00 757.00 768.00 778.00 785.00 788.00 787.00 781.00 771.00 760.00 753.00 748.00 740.00 732.00 725.00 717.00 716.00 721.00 721.00 713.00 700.00 685.00 672.00 663.00 653.00 638.00 624.00 613.00 604.00 594.00 586.00 579.00 574.00 570.00 567.00 563.00 559.00 553.00 545.00 538.00 533.00 528.00 523.00 518.00 514.00 510.00 508.00 506.00 505.00
376.00 395.00 417.00 434.00 450.00 465.00 477.00 491.00 512.00 535.00 557.00 577.00 597.00 620.00 642.00 664.00 684.00 702.00 717.00 730.00 741.00 752.00 764.00 777.00 789.00 798.00 804.00 804.00 799.00 789.00 779.00 771.00 764.00 757.00 749.00 739.00 732.00 732.00 738.00 740.00 731.00 718.00 704.00 689.00 677.00 667.00 655.00 640.00 628.00 617.00 607.00 597.00 589.00 582.00 577.00 574.00 571.00 566.00 560.00 551.00 542.00 535.00 531.00 526.00 522.00 517.00 514.00 512.00 510.00 510.00
378.00 395.00 416.00 435.00 452.00 468.00 484.00 505.00 529.00 550.00 568.00 587.00 608.00 629.00 650.00 671.00 689.00 705.00 720.00 733.00 744.00 756.00 770.00 785.00 800.00 813.00 820.00 821.00 817.00 808.00 798.00 790.00 782.00 774.00 764.00 753.00 745.00 746.00 752.00 756.00 749.00 735.00 720.00 706.00 694.00 682.00 669.00 656.00 643.00 630.00 620.00 610.00 600.00 592.00 585.00 580.00 576.00 572.00 565.00 555.00 546.00 538.00 534.00 530.00 525.00 521.00 518.00 516.00 515.00 514.00
380.00 394.00 413.00 432.00 448.00 466.00 485.00 511.00 537.00 556.00 575.00 595.00 615.00 636.00 656.00 675.00 690.00 704.00 719.00 733.00 744.00 757.00 772.00 789.00 809.00 829.00 838.00 838.00 833.00 825.00 815.00 808.00 801.00 793.00 782.00 770.00 765.00 764.00 769.00 774.00 767.00 753.00 737.00 723.00 711.00 699.00 685.00 670.00 657.00 644.00 631.00 621.00 612.00 603.00 594.00 586.00 581.00 575.00 568.00 559.00 549.00 542.00 537.00 533.00 529.00 525.00 522.00 520.00 519.00 519.00
384.00 395.00 412.00 429.00 445.00 462.00 483.00 508.00 533.00 552.00 575.00 598.00 618.00 638.00 658.00 674.00 688.00 700.00 714.00 729.00 742.00 755.00 771.00 790.00 819.00 847.00 857.00 855.00 849.00 841.00 832.00 825.00 818.00 811.00 802.00 794.00 789.00 786.00 789.00 791.00 784.00 771.00 756.00 741.00 727.00 714.00 701.00 687.00 672.00 657.00 644.00 632.00 622.00 613.00 603.00 594.00 586.00 580.00 573.00 564.00 555.00 547.00 542.00 537.00 534.00 530.00 527.00 525.00 524.00 523.00
392.00 400.00 414.00 428.00 442.00 459.00 479.00 500.00 522.00 544.00 571.00 597.00 616.00 635.00 653.00 669.00 682.00 693.00 705.00 721.00 736.00 750.00 768.00 790.00 828.00 861.00 871.00 869.00 864.00 858.00 849.00 842.00 835.00 829.00 822.00 816.00 811.00 807.00 806.00 804.00 798.00 788.00 776.00 762.00 748.00 732.00 717.00 702.00 687.00 671.00 657.00 644.00 633.00 623.00 613.00 602.00 592.00 585.00 578.00 570.00 562.00 554.00 547.00 542.00 538.00 535.00 532.00 529.00 529.00 528.00
403.00 408.00 418.00 430.00 444.00 460.00 479.00 497.00 515.00 538.00 567.00 593.00 612.00 629.00 646.00 661.00 673.00 685.00 697.00 713.00 730.00 745.00 765.00 793.00 838.00 874.00 885.00 884.00 879.00 872.00 866.00 859.00 853.00 846.00 839.00 833.00 828.00 825.00 822.00 817.00 811.00 802.00 792.00 779.00 766.00 752.00 735.00 718.00 702.00 686.00 670.00 656.00 644.00 633.00 623.00 612.00 601.00 591.00 583.00 576.00 569.00 562.00 556.00 549.00 544.00 540.00 537.00 535.00 533.00 533.00
413.00 419.00 426.00 438.00 452.00 468.00 484.00 500.00 516.00 539.00 566.00 590.00 608.00 623.00 639.00 653.00 665.00 677.00 692.00 709.00 727.00 744.00 767.00 801.00 848.00 885.00 899.00 899.00 893.00 886.00 880.00 874.00 869.00 863.00 857.00 851.00 845.00 840.00 836.00 830.00 822.00 814.00 806.00 795.00 781.00 768.00 753.00 734.00 715.00 699.00 684.00 669.00 656.00 645.00 634.00 623.00 611.00 600.00 590.00 582.00 576.00 570.00 564.00 557.00 552.00 547.00 544.00 540.00 538.00 537.00
419.00 430.00 439.00 451.00 465.00 479.00 492.00 510.00 530.00 551.00 572.00 590.00 607.00 620.00 634.00 649.00 661.00 676.00 692.00 711.00 729.00 748.00 773.00 812.00 860.00 896.00 912.00 913.00 907.00 900.00 894.00 888.00 883.00 878.00 873.00 868.00 862.00 856.00 850.00 844.00 835.00 827.00 818.00 809.00 796.00 781.00 767.00 750.00 729.00 711.00 695.00 681.00 669.00 657.00 646.00 634.00 622.00 611.00 599.00 590.00 582.00 576.00 571.00 565.00 559.00 555.00 550.00 546.00 543.00 542.00
421.00 436.00 449.00 463.00 477.00 490.00 506.00 529.00 552.00 569.00 583.00 598.00 613.00 624.00 638.00 652.00 666.00 681.00 697.00 716.00 735.00 754.00 780.00 822.00 871.00 906.00 923.00 925.00 920.00 914.00 908.00 902.00 898.00 893.00 888.00 882.00 876.00 871.00 865.00 859.00 851.00 841.00 830.00 820.00 809.00 794.00 778.00 762.00 740.00 720.00 705.00 692.00 680.00 669.00 658.00 646.00 633.00 621.00 610.00 599.00 589.00 583.00 578.00 573.00 567.00 561.00 556.00 551.00 548.00 547.00
422.00 440.00 458.00 474.00 488.00 504.00 526.00 550.00 570.00 585.00 599.00 612.00 624.00 635.00 648.00 661.00 675.00 688.00 703.00 722.00 741.00 762.00 789.00 833.00 881.00 917.00 935.00 937.00 931.00 926.00 921.00 917.00 912.00 908.00 903.00 897.00 891.00 885.00 878.00 872.00 865.00 857.00 846.00 833.00 820.00 806.00 788.00 768.00 746.00 728.00 715.00 703.00 692.00 679.00 668.00 657.00 645.00 632.00 620.00 609.00 598.00 590.00 583.00 579.00 574.00 568.00 562.00 556.00 553.00 551.00
424.00 446.00 466.00 484.00 502.00 523.00 545.00 566.00 582.00 598.00 612.00 625.00 636.00 646.00 659.00 672.00 684.00 696.00 710.00 728.00 747.00 769.00 798.00 845.00 897.00 934.00 952.00 953.00 946.00 939.00 935.00 931.00 927.00 923.00 918.00 913.00 907.00 900.00 892.00 885.00 877.00 869.00 860.00 847.00 829.00 811.00 791.00 773.00 756.00 744.00 731.00 717.00 704.00 691.00 678.00 667.00 656.00 643.00 630.00 618.00 607.00 597.00 590.00 584.00 579.00 573.00 566.00 562.00 559.00 556.00
428.00 452.00 473.00 494.00 515.00 537.00 557.00 575.00 590.00 605.00 620.00 633.00 645.00 657.00 671.00 683.00 694.00 706.00 720.00 736.00 754.00 777.00 809.00 857.00 915.00 958.00 977.00 975.00 965.00 957.00 952.00 947.00 943.00 938.00 933.00 928.00 922.00 915.00 908.00 899.00 890.00 880.00 868.00 853.00 834.00 814.00 797.00 785.00 774.00 763.00 751.00 734.00 717.00 701.00 688.00 676.00 666.00 654.00 640.00 628.00 616.00 605.00 596.00 589.00 583.00 577.00 571.00 567.00 564.00 561.00
433.00 455.00 478.00 501.00 523.00 542.00 561.00 578.00 594.00 608.00 624.00 638.00 651.00 665.00 680.00 692.00 706.00 720.00 732.00 746.00 764.00 787.00 825.00 872.00 929.00 977.00 1003.00 1001.00 987.00 977.00 970.00 965.00 960.00 954.00 949.00 943.00 937.00 930.00 922.00 913.00 903.00 890.00 875.00 858.00 839.00 823.00 812.00 803.00 793.00 780.00 766.00 752.00 731.00 712.00 697.00 685.00 674.00 663.00 652.00 638.00 625.00 614.00 604.00 596.00 589.00 582.00 577.00 573.00 570.00 567.00
436.00 457.00 478.00 501.00 525.00 543.00 561.00 578.00 593.00 608.00 624.00 639.00 653.00 668.00 684.00 698.00 714.00 729.00 742.00 757.00 774.00 799.00 841.00 895.00 951.00 998.00 1030.00 1029.00 1012.00 997.00 988.00 981.00 976.00 971.00 965.00 959.00 953.00 946.00 937.00 927.00 915.00 899.00 880.00 862.00 847.00 838.00 830.00 820.00 810.00 797.00 779.00 763.00 745.00 723.00 705.00 692.00 681.00 671.00 660.00 648.00 635.00 623.00 612.00 603.00 595.00 588.00 584.00 580.00 576.00 573.00
438.00 458.00 476.00 499.00 523.00 541.00 558.00 575.00 590.00 605.00 621.00 636.00 651.00 667.00 684.00 699.00 716.00 732.00 748.00 765.00 784.00 813.00 860.00 920.00 978.00 1021.00 1051.00 1061.00 1041.00 1020.00 1007.00 999.00 993.00 987.00 982.00 976.00 970.00 962.00 950.00 937.00 922.00 905.00 886.00 871.00 861.00 857.00 851.00 839.00 825.00 812.00 794.00 772.00 755.00 735.00 715.00 700.00 689.00 678.00 667.00 656.00 644.00 631.00 620.00 610.00 602.00 595.00 590.00 586.00 582.00 580.00
441.00 459.00 474.00 496.00 521.00 541.00 558.00 573.00 587.00 603.00 617.00 631.00 647.00 664.00 681.00 696.00 713.00 731.00 748.00 766.00 790.00 827.00 878.00 942.00 995.00 1033.00 1059.00 1086.00 1074.00 1045.00 1027.00 1017.00 1010.00 1004.00 999.00 993.00 985.00 973.00 959.00 943.00 928.00 913.00 898.00 885.00 876.00 871.00 866.00 857.00 841.00 822.00 803.00 781.00 762.00 745.00 726.00 709.00 696.00 684.00 673.00 662.00 651.00 639.00 628.00 618.00 610.00 602.00 597.00 592.00 588.00 585.00
444.00 460.00 475.00 495.00 520.00 543.00 562.00 578.00 592.00 607.00 619.00 633.00 648.00 664.00 680.00 695.00 711.00 729.00 746.00 767.00 800.00 845.00 900.00 966.00 1012.00 1046.00 1073.00 1101.00 1104.00 1074.00 1048.00 1034.00 1027.00 1022.00 1017.00 1008.00 995.00 981.00 966.00 951.00 936.00 924.00 915.00 908.00 902.00 895.00 881.00 867.00 852.00 831.00 810.00 788.00 770.00 755.00 738.00 719.00 703.00 691.00 679.00 668.00 657.00 645.00 634.00 625.00 617.00 609.00 603.00 598.00 594.00 590.00
447.00 463.00 477.00 496.00 520.00 546.00 568.00 586.00 602.00 615.00 628.00 641.00 654.00 668.00 683.00 698.00 714.00 731.00 752.00 780.00 818.00 865.00 931.00 993.00 1030.00 1055.00 1081.00 1106.00 1124.00 1103.00 1070.00 1052.00 1044.00 1040.00 1032.00 1019.00 1004.00 990.00 976.00 962.00 950.00 940.00 932.00 926.00 920.00 912.00 893.00 873.00 858.00 840.00 819.00 799.00 782.00 767.00 750.00 730.00 711.00 697.00 686.00 674.00 662.00 651.00 641.00 631.00 623.00 616.00 609.00 603.00 599.00 595.00
