ressources/DEM/Grenoble_16_dalles/BDALTIV1_FXX_0920_6450_MNT_20120919_LAMB93_IGN69.asc
ncols        400
nrows        400
xllcorner    919987.50000000
yllcorner    6440012.50000000
cellsize     25.00000000
NODATA_value -99999.00
[rows 180 to 209 of 400, columns 0 to 68 of 400]
841.00 862.00 883.00 904.00 925.00 946.00 964.00 978.00 989.00 996.00 1000.00 1001.00 1004.00 1012.00 1024.00 1037.00 1050.00 1063.00 1074.00 1079.00 1079.00 1075.00 1072.00 1070.00 1068.00 1067.00 1068.00 1069.00 1071.00 1073.00 1074.00 1076.00 1077.00 1080.00 1084.00 1090.00 1094.00 1098.00 1100.00 1102.00 1104.00 1106.00 1109.00 1112.00 1117.00 1124.00 1134.00 1144.00 1154.00 1160.00 1163.00 1163.00 1161.00 1159.00 1159.00 1162.00 1168.00 1175.00 1181.00 1186.00 1191.00 1196.00 1203.00 1210.00 1216.00 1221.00 1223.00 1225.00 1227.00
841.00 862.00 885.00 909.00 931.00 952.00 970.00 985.00 997.00 1006.00 1013.00 1017.00 1022.00 1029.00 1039.00 1051.00 1064.00 1076.00 1083.00 1086.00 1085.00 1082.00 1077.00 1074.00 1072.00 1071.00 1072.00 1073.00 1075.00 1077.00 1079.00 1081.00 1083.00 1085.00 1089.00 1093.00 1097.00 1101.00 1103.00 1105.00 1107.00 1109.00 1111.00 1115.00 1121.00 1128.00 1138.00 1148.00 1157.00 1163.00 1166.00 1167.00 1165.00 1163.00 1162.00 1164.00 1168.00 1174.00 1180.00 1185.00 1189.00 1192.00 1197.00 1205.00 1210.00 1214.00 1216.00 1218.00 1220.00
841.00 863.00 887.00 912.00 935.00 956.00 974.00 989.00 1003.00 1015.00 1024.00 1031.00 1037.00 1043.00 1052.00 1063.00 1075.00 1084.00 1089.00 1091.00 1090.00 1087.00 1082.00 1078.00 1076.00 1076.00 1076.00 1077.00 1079.00 1082.00 1085.00 1088.00 1091.00 1093.00 1096.00 1099.00 1101.00 1104.00 1106.00 1107.00 1109.00 1111.00 1114.00 1118.00 1123.00 1132.00 1141.00 1151.00 1160.00 1166.00 1169.00 1170.00 1170.00 1168.00 1166.00 1167.00 1170.00 1173.00 1178.00 1182.00 1185.00 1187.00 1190.00 1195.00 1201.00 1205.00 1207.00 1208.00 1211.00
843.00 864.00 888.00 913.00 936.00 957.00 976.00 992.00 1008.00 1022.00 1033.00 1042.00 1049.00 1055.00 1062.00 1072.00 1081.00 1088.00 1093.00 1095.00 1094.00 1091.00 1088.00 1084.00 1082.00 1080.00 1080.00 1081.00 1084.00 1087.00 1090.00 1095.00 1099.00 1102.00 1104.00 1105.00 1106.00 1107.00 1108.00 1109.00 1111.00 1113.00 1117.00 1121.00 1127.00 1135.00 1145.00 1154.00 1163.00 1169.00 1172.00 1174.00 1173.00 1172.00 1171.00 1171.00 1171.00 1173.00 1175.00 1177.00 1178.00 1178.00 1178.00 1179.00 1184.00 1189.00 1194.00 1198.00 1202.00
849.00 868.00 890.00 914.00 937.00 958.00 977.00 995.00 1012.00 1027.00 1040.00 1049.00 1056.00 1062.00 1068.00 1076.00 1085.00 1092.00 1096.00 1098.00 1098.00 1096.00 1093.00 1090.00 1087.00 1086.00 1085.00 1086.00 1088.00 1092.00 1096.00 1101.00 1106.00 1110.00 1113.00 1112.00 1111.00 1110.00 1110.00 1111.00 1112.00 1115.00 1119.00 1124.00 1130.00 1139.00 1148.00 1158.00 1167.00 1173.00 1176.00 1177.00 1176.00 1175.00 1174.00 1173.00 1173.00 1173.00 1173.00 1172.00 1169.00 1165.00 1162.00 1162.00 1164.00 1170.00 1178.00 1185.00 1191.00
858.00 876.00 895.00 916.00 938.00 958.00 978.00 997.00 1015.00 1031.00 1044.00 1053.00 1061.00 1066.00 1072.00 1079.00 1087.00 1094.00 1099.00 1101.00 1101.00 1100.00 1098.00 1095.00 1093.00 1091.00 1090.00 1091.00 1093.00 1096.00 1100.00 1106.00 1111.00 1116.00 1119.00 1118.00 1116.00 1114.00 1113.00 1112.00 1114.00 1116.00 1120.00 1126.00 1133.00 1142.00 1152.00 1162.00 1172.00 1178.00 1180.00 1180.00 1179.00 1177.00 1176.00 1175.00 1174.00 1172.00 1170.00 1165.00 1157.00 1149.00 1145.00 1145.00 1148.00 1153.00 1162.00 1171.00 1178.00
870.00 886.00 902.00 920.00 939.00 959.00 979.00 999.00 1017.00 1033.00 1046.00 1056.00 1064.00 1070.00 1075.00 1082.00 1089.00 1096.00 1101.00 1104.00 1105.00 1104.00 1102.00 1100.00 1098.00 1096.00 1095.00 1095.00 1097.00 1100.00 1104.00 1109.00 1115.00 1119.00 1121.00 1121.00 1119.00 1116.00 1114.00 1114.00 1115.00 1117.00 1122.00 1129.00 1137.00 1145.00 1155.00 1165.00 1175.00 1181.00 1183.00 1182.00 1181.00 1179.00 1177.00 1174.00 1172.00 1168.00 1164.00 1155.00 1142.00 1132.00 1128.00 1129.00 1134.00 1139.00 1147.00 1156.00 1164.00
881.00 895.00 910.00 926.00 943.00 960.00 980.00 999.00 1018.00 1034.00 1048.00 1058.00 1065.00 1072.00 1078.00 1085.00 1092.00 1099.00 1104.00 1108.00 1109.00 1108.00 1107.00 1104.00 1102.00 1100.00 1099.00 1099.00 1101.00 1104.00 1107.00 1112.00 1116.00 1119.00 1121.00 1120.00 1118.00 1116.00 1115.00 1115.00 1116.00 1119.00 1125.00 1132.00 1140.00 1149.00 1158.00 1168.00 1176.00 1182.00 1183.00 1183.00 1181.00 1179.00 1175.00 1171.00 1167.00 1162.00 1153.00 1141.00 1127.00 1117.00 1113.00 1114.00 1119.00 1125.00 1132.00 1140.00 1148.00
890.00 904.00 919.00 934.00 948.00 964.00 982.00 1000.00 1019.00 1036.00 1049.00 1059.00 1067.00 1074.00 1081.00 1088.00 1096.00 1102.00 1108.00 1111.00 1113.00 1113.00 1111.00 1108.00 1106.00 1104.00 1103.00 1103.00 1105.00 1107.00 1110.00 1113.00 1116.00 1118.00 1120.00 1119.00 1117.00 1116.00 1116.00 1117.00 1119.00 1123.00 1129.00 1137.00 1145.00 1153.00 1162.00 1170.00 1177.00 1181.00 1183.00 1183.00 1181.00 1178.00 1172.00 1166.00 1159.00 1151.00 1140.00 1126.00 1113.00 1104.00 1099.00 1099.00 1103.00 1108.00 1115.00 1123.00 1130.00
899.00 913.00 927.00 942.00 956.00 970.00 985.00 1003.00 1021.00 1037.00 1050.00 1060.00 1068.00 1076.00 1084.00 1091.00 1099.00 1105.00 1111.00 1115.00 1117.00 1117.00 1115.00 1112.00 1109.00 1107.00 1106.00 1107.00 1108.00 1110.00 1113.00 1115.00 1117.00 1119.00 1119.00 1119.00 1118.00 1117.00 1117.00 1119.00 1122.00 1126.00 1133.00 1142.00 1150.00 1158.00 1166.00 1173.00 1178.00 1181.00 1182.00 1182.00 1179.00 1174.00 1167.00 1157.00 1145.00 1134.00 1122.00 1110.00 1099.00 1091.00 1086.00 1085.00 1087.00 1090.00 1096.00 1103.00 1111.00
908.00 922.00 937.00 952.00 966.00 978.00 991.00 1007.00 1025.00 1040.00 1052.00 1062.00 1070.00 1078.00 1086.00 1094.00 1101.00 1108.00 1114.00 1118.00 1121.00 1121.00 1119.00 1115.00 1112.00 1110.00 1109.00 1109.00 1111.00 1113.00 1116.00 1118.00 1119.00 1120.00 1121.00 1123.00 1124.00 1123.00 1120.00 1121.00 1125.00 1131.00 1138.00 1147.00 1155.00 1162.00 1169.00 1174.00 1179.00 1181.00 1181.00 1180.00 1176.00 1168.00 1157.00 1144.00 1127.00 1109.00 1097.00 1091.00 1085.00 1079.00 1074.00 1072.00 1072.00 1073.00 1077.00 1084.00 1092.00
918.00 933.00 949.00 963.00 976.00 987.00 999.00 1014.00 1029.00 1043.00 1054.00 1064.00 1072.00 1081.00 1089.00 1097.00 1104.00 1111.00 1117.00 1121.00 1124.00 1124.00 1122.00 1119.00 1115.00 1112.00 1111.00 1112.00 1114.00 1116.00 1119.00 1121.00 1122.00 1123.00 1125.00 1127.00 1129.00 1128.00 1125.00 1126.00 1130.00 1135.00 1142.00 1151.00 1159.00 1166.00 1171.00 1175.00 1179.00 1181.00 1180.00 1177.00 1170.00 1159.00 1145.00 1128.00 1107.00 1087.00 1079.00 1075.00 1071.00 1067.00 1063.00 1060.00 1059.00 1059.00 1061.00 1066.00 1073.00
930.00 946.00 960.00 974.00 986.00 997.00 1008.00 1021.00 1033.00 1046.00 1056.00 1066.00 1075.00 1083.00 1091.00 1098.00 1106.00 1112.00 1118.00 1123.00 1126.00 1127.00 1126.00 1123.00 1119.00 1115.00 1114.00 1115.00 1117.00 1119.00 1122.00 1124.00 1125.00 1127.00 1128.00 1130.00 1131.00 1130.00 1128.00 1129.00 1132.00 1137.00 1145.00 1154.00 1161.00 1168.00 1172.00 1175.00 1178.00 1178.00 1176.00 1172.00 1162.00 1147.00 1130.00 1112.00 1093.00 1077.00 1069.00 1063.00 1059.00 1055.00 1051.00 1049.00 1047.00 1046.00 1046.00 1050.00 1056.00
945.00 959.00 972.00 984.00 995.00 1006.00 1017.00 1028.00 1039.00 1049.00 1059.00 1068.00 1077.00 1085.00 1093.00 1100.00 1107.00 1113.00 1119.00 1124.00 1127.00 1128.00 1129.00 1127.00 1124.00 1120.00 1117.00 1117.00 1120.00 1122.00 1125.00 1127.00 1128.00 1130.00 1131.00 1132.00 1132.00 1131.00 1130.00 1131.00 1134.00 1139.00 1146.00 1154.00 1162.00 1167.00 1170.00 1172.00 1170.00 1167.00 1163.00 1157.00 1146.00 1130.00 1112.00 1096.00 1081.00 1069.00 1060.00 1053.00 1047.00 1043.00 1041.00 1038.00 1037.00 1035.00 1035.00 1037.00 1040.00
960.00 972.00 983.00 994.00 1005.00 1015.00 1025.00 1035.00 1044.00 1052.00 1061.00 1069.00 1078.00 1086.00 1093.00 1101.00 1108.00 1114.00 1119.00 1124.00 1128.00 1130.00 1130.00 1130.00 1128.00 1125.00 1121.00 1120.00 1122.00 1125.00 1127.00 1130.00 1131.00 1132.00 1133.00 1133.00 1133.00 1132.00 1132.00 1132.00 1133.00 1138.00 1144.00 1153.00 1160.00 1164.00 1164.00 1162.00 1156.00 1146.00 1138.00 1128.00 1116.00 1103.00 1090.00 1078.00 1068.00 1059.00 1052.00 1045.00 1038.00 1033.00 1030.00 1028.00 1026.00 1025.00 1024.00 1025.00 1026.00
975.00 985.00 995.00 1005.00 1015.00 1024.00 1033.00 1041.00 1048.00 1056.00 1063.00 1070.00 1077.00 1085.00 1094.00 1102.00 1109.00 1115.00 1120.00 1125.00 1128.00 1130.00 1131.00 1131.00 1130.00 1127.00 1125.00 1124.00 1125.00 1127.00 1130.00 1132.00 1134.00 1135.00 1135.00 1134.00 1133.00 1133.00 1132.00 1131.00 1131.00 1134.00 1139.00 1146.00 1153.00 1155.00 1153.00 1146.00 1132.00 1117.00 1107.00 1096.00 1087.00 1077.00 1067.00 1058.00 1052.00 1048.00 1044.00 1037.00 1030.00 1024.00 1020.00 1018.00 1017.00 1016.00 1015.00 1014.00 1013.00
989.00 998.00 1007.00 1016.00 1025.00 1033.00 1041.00 1047.00 1053.00 1059.00 1064.00 1070.00 1077.00 1085.00 1094.00 1103.00 1111.00 1118.00 1123.00 1126.00 1129.00 1130.00 1131.00 1131.00 1130.00 1128.00 1127.00 1127.00 1128.00 1130.00 1132.00 1134.00 1135.00 1136.00 1136.00 1135.00 1133.00 1132.00 1130.00 1127.00 1126.00 1128.00 1131.00 1137.00 1142.00 1143.00 1139.00 1127.00 1110.00 1092.00 1081.00 1073.00 1066.00 1057.00 1048.00 1041.00 1037.00 1036.00 1033.00 1028.00 1022.00 1015.00 1010.00 1008.00 1008.00 1007.00 1005.00 1003.00 1002.00
1002.00 1011.00 1019.00 1027.00 1034.00 1042.00 1048.00 1053.00 1058.00 1062.00 1067.00 1071.00 1077.00 1085.00 1094.00 1103.00 1113.00 1120.00 1125.00 1127.00 1129.00 1130.00 1130.00 1130.00 1129.00 1129.00 1128.00 1129.00 1130.00 1131.00 1133.00 1135.00 1136.00 1136.00 1136.00 1135.00 1133.00 1130.00 1126.00 1121.00 1119.00 1119.00 1121.00 1125.00 1128.00 1129.00 1122.00 1108.00 1091.00 1075.00 1065.00 1058.00 1050.00 1042.00 1034.00 1028.00 1026.00 1025.00 1023.00 1019.00 1013.00 1006.00 1001.00 999.00 998.00 997.00 995.00 993.00 991.00
1015.00 1023.00 1030.00 1037.00 1043.00 1049.00 1054.00 1059.00 1063.00 1066.00 1070.00 1074.00 1079.00 1086.00 1094.00 1103.00 1112.00 1119.00 1124.00 1126.00 1128.00 1128.00 1129.00 1128.00 1128.00 1128.00 1129.00 1129.00 1131.00 1132.00 1134.00 1135.00 1136.00 1136.00 1136.00 1134.00 1131.00 1126.00 1120.00 1115.00 1110.00 1108.00 1108.00 1110.00 1112.00 1110.00 1102.00 1089.00 1075.00 1063.00 1053.00 1045.00 1037.00 1029.00 1023.00 1018.00 1016.00 1015.00 1014.00 1011.00 1005.00 999.00 993.00 989.00 988.00 986.00 985.00 983.00 980.00
1027.00 1034.00 1040.00 1045.00 1050.00 1055.00 1059.00 1064.00 1068.00 1071.00 1074.00 1077.00 1082.00 1088.00 1095.00 1102.00 1109.00 1116.00 1121.00 1125.00 1126.00 1126.00 1127.00 1127.00 1127.00 1128.00 1129.00 1130.00 1131.00 1133.00 1134.00 1135.00 1136.00 1136.00 1134.00 1132.00 1128.00 1121.00 1114.00 1107.00 1101.00 1096.00 1094.00 1095.00 1095.00 1092.00 1084.00 1073.00 1061.00 1050.00 1041.00 1034.00 1026.00 1019.00 1013.00 1009.00 1007.00 1006.00 1005.00 1002.00 997.00 991.00 984.00 980.00 977.00 976.00 975.00 972.00 969.00
1037.00 1043.00 1048.00 1052.00 1055.00 1059.00 1063.00 1067.00 1072.00 1077.00 1079.00 1080.00 1084.00 1089.00 1095.00 1101.00 1107.00 1113.00 1118.00 1122.00 1124.00 1124.00 1124.00 1125.00 1126.00 1128.00 1129.00 1130.00 1131.00 1132.00 1134.00 1135.00 1135.00 1135.00 1133.00 1129.00 1123.00 1116.00 1107.00 1099.00 1091.00 1085.00 1081.00 1079.00 1078.00 1075.00 1068.00 1059.00 1048.00 1038.00 1030.00 1023.00 1016.00 1009.00 1004.00 1000.00 999.00 997.00 996.00 993.00 989.00 983.00 976.00 970.00 967.00 966.00 964.00 961.00 958.00
1045.00 1050.00 1053.00 1056.00 1059.00 1062.00 1065.00 1069.00 1074.00 1080.00 1083.00 1084.00 1087.00 1091.00 1095.00 1100.00 1105.00 1110.00 1115.00 1118.00 1121.00 1121.00 1122.00 1124.00 1126.00 1127.00 1129.00 1130.00 1131.00 1132.00 1133.00 1134.00 1134.00 1133.00 1130.00 1126.00 1119.00 1111.00 1102.00 1092.00 1083.00 1074.00 1068.00 1064.00 1061.00 1058.00 1053.00 1044.00 1035.00 1027.00 1019.00 1012.00 1006.00 1000.00 995.00 992.00 990.00 988.00 987.00 985.00 981.00 975.00 968.00 962.00 958.00 956.00 953.00 949.00 947.00
1050.00 1054.00 1057.00 1059.00 1062.00 1064.00 1067.00 1070.00 1075.00 1081.00 1084.00 1087.00 1089.00 1092.00 1096.00 1100.00 1104.00 1108.00 1112.00 1116.00 1118.00 1119.00 1121.00 1124.00 1126.00 1127.00 1128.00 1129.00 1131.00 1132.00 1132.00 1133.00 1133.00 1131.00 1128.00 1123.00 1116.00 1107.00 1097.00 1086.00 1076.00 1065.00 1056.00 1049.00 1045.00 1042.00 1036.00 1028.00 1021.00 1015.00 1008.00 1002.00 996.00 991.00 987.00 983.00 981.00 979.00 978.00 977.00 973.00 967.00 961.00 955.00 950.00 945.00 941.00 937.00 935.00
1053.00 1056.00 1059.00 1061.00 1063.00 1065.00 1067.00 1070.00 1075.00 1080.00 1085.00 1088.00 1091.00 1094.00 1096.00 1099.00 1102.00 1106.00 1110.00 1114.00 1116.00 1119.00 1121.00 1124.00 1125.00 1127.00 1128.00 1129.00 1130.00 1131.00 1132.00 1132.00 1131.00 1129.00 1125.00 1120.00 1112.00 1104.00 1094.00 1082.00 1070.00 1057.00 1045.00 1035.00 1028.00 1023.00 1017.00 1010.00 1005.00 1002.00 997.00 992.00 987.00 983.00 979.00 975.00 971.00 970.00 969.00 968.00 965.00 960.00 954.00 948.00 942.00 936.00 930.00 926.00 925.00
1053.00 1056.00 1059.00 1061.00 1063.00 1065.00 1067.00 1070.00 1075.00 1079.00 1085.00 1089.00 1093.00 1095.00 1097.00 1098.00 1099.00 1103.00 1109.00 1115.00 1119.00 1121.00 1123.00 1124.00 1125.00 1126.00 1127.00 1128.00 1129.00 1130.00 1130.00 1130.00 1129.00 1127.00 1123.00 1117.00 1110.00 1101.00 1091.00 1079.00 1066.00 1051.00 1035.00 1021.00 1012.00 1005.00 999.00 994.00 990.00 988.00 985.00 981.00 978.00 974.00 970.00 966.00 962.00 960.00 959.00 959.00 956.00 952.00 946.00 940.00 934.00 928.00 922.00 918.00 916.00
1051.00 1055.00 1057.00 1059.00 1062.00 1064.00 1067.00 1070.00 1074.00 1079.00 1085.00 1090.00 1094.00 1096.00 1097.00 1098.00 1098.00 1100.00 1106.00 1116.00 1122.00 1123.00 1124.00 1124.00 1124.00 1125.00 1126.00 1127.00 1128.00 1129.00 1129.00 1129.00 1128.00 1125.00 1121.00 1115.00 1107.00 1098.00 1087.00 1075.00 1060.00 1043.00 1025.00 1008.00 997.00 989.00 981.00 977.00 975.00 973.00 971.00 969.00 967.00 964.00 961.00 956.00 952.00 950.00 949.00 948.00 946.00 942.00 937.00 932.00 926.00 920.00 915.00 911.00 909.00
1048.00 1051.00 1054.00 1057.00 1060.00 1062.00 1065.00 1069.00 1074.00 1079.00 1085.00 1091.00 1094.00 1096.00 1097.00 1098.00 1098.00 1100.00 1105.00 1116.00 1123.00 1124.00 1124.00 1123.00 1123.00 1123.00 1124.00 1125.00 1126.00 1127.00 1128.00 1128.00 1127.00 1124.00 1120.00 1113.00 1105.00 1095.00 1084.00 1070.00 1053.00 1033.00 1014.00 997.00 984.00 974.00 966.00 961.00 960.00 959.00 958.00 956.00 955.00 953.00 950.00 946.00 942.00 939.00 938.00 937.00 935.00 932.00 928.00 923.00 918.00 913.00 909.00 906.00 903.00
1043.00 1046.00 1050.00 1054.00 1057.00 1060.00 1063.00 1067.00 1073.00 1080.00 1086.00 1090.00 1093.00 1095.00 1097.00 1098.00 1099.00 1103.00 1111.00 1118.00 1122.00 1123.00 1123.00 1122.00 1122.00 1122.00 1122.00 1123.00 1124.00 1126.00 1128.00 1128.00 1127.00 1124.00 1119.00 1112.00 1103.00 1092.00 1079.00 1064.00 1045.00 1024.00 1004.00 987.00 973.00 960.00 952.00 947.00 945.00 944.00 944.00 943.00 943.00 942.00 939.00 935.00 932.00 929.00 927.00 926.00 924.00 921.00 917.00 913.00 910.00 907.00 904.00 901.00 898.00
1039.00 1042.00 1047.00 1051.00 1054.00 1057.00 1060.00 1065.00 1071.00 1079.00 1085.00 1088.00 1091.00 1094.00 1095.00 1097.00 1099.00 1104.00 1112.00 1118.00 1120.00 1120.00 1120.00 1120.00 1120.00 1120.00 1120.00 1121.00 1123.00 1125.00 1127.00 1128.00 1127.00 1124.00 1119.00 1111.00 1101.00 1089.00 1075.00 1057.00 1037.00 1016.00 996.00 979.00 964.00 950.00 940.00 934.00 931.00 930.00 930.00 930.00 930.00 930.00 928.00 925.00 922.00 919.00 917.00 915.00 913.00 910.00 906.00 903.00 901.00 899.00 898.00 896.00 893.00
1034.00 1037.00 1042.00 1047.00 1050.00 1053.00 1057.00 1062.00 1068.00 1075.00 1080.00 1084.00 1087.00 1090.00 1093.00 1094.00 1096.00 1100.00 1105.00 1110.00 1113.00 1115.00 1116.00 1117.00 1118.00 1119.00 1119.00 1120.00 1121.00 1124.00 1127.00 1128.00 1127.00 1124.00 1119.00 1111.00 1099.00 1086.00 1070.00 1051.00 1029.00 1007.00 988.00 971.00 956.00 941.00 930.00 922.00 918.00 916.00 916.00 917.00 917.00 918.00 917.00 915.00 912.00 910.00 908.00 906.00 903.00 899.00 895.00 893.00 892.00 892.00 892.00 890.00 887.00
