ressources/DEM/Grenoble_16_dalles/BDALTIV1_FXX_0920_6450_MNT_20120919_LAMB93_IGN69.asc
ncols        400
nrows        400
xllcorner    919987.50000000
yllcorner    6440012.50000000
cellsize     25.00000000
NODATA_value -99999.00
[rows 120 to 149 of 400, columns 207 to 275 of 400]
1466.00 1471.00 1479.00 1490.00 1498.00 1502.00 1502.00 1503.00 1517.00 1529.00 1533.00 1535.00 1539.00 1542.00 1542.00 1536.00 1525.00 1511.00 1496.00 1484.00 1476.00 1465.00 1448.00 1432.00 1425.00 1424.00 1426.00 1437.00 1447.00 1447.00 1445.00 1444.00 1446.00 1447.00 1453.00 1457.00 1456.00 1452.00 1450.00 1451.00 1459.00 1463.00 1462.00 1461.00 1459.00 1455.00 1450.00 1441.00 1429.00 1415.00 1408.00 1407.00 1395.00 1381.00 1357.00 1328.00 1294.00 1262.00 1234.00 1209.00 1186.00 1164.00 1138.00 1110.00 1086.00 1067.00 1043.00 1013.00 987.00
1466.00 1471.00 1478.00 1488.00 1494.00 1493.00 1484.00 1481.00 1503.00 1520.00 1522.00 1522.00 1530.00 1536.00 1534.00 1526.00 1511.00 1493.00 1475.00 1460.00 1450.00 1435.00 1418.00 1404.00 1399.00 1400.00 1403.00 1415.00 1423.00 1421.00 1418.00 1418.00 1419.00 1420.00 1425.00 1427.00 1421.00 1416.00 1420.00 1426.00 1436.00 1440.00 1438.00 1436.00 1435.00 1430.00 1422.00 1408.00 1387.00 1364.00 1358.00 1362.00 1358.00 1348.00 1329.00 1303.00 1269.00 1241.00 1215.00 1193.00 1172.00 1150.00 1125.00 1101.00 1078.00 1058.00 1032.00 1002.00 978.00
1465.00 1468.00 1473.00 1479.00 1481.00 1476.00 1460.00 1459.00 1489.00 1505.00 1504.00 1508.00 1522.00 1528.00 1523.00 1512.00 1493.00 1471.00 1448.00 1430.00 1418.00 1402.00 1383.00 1376.00 1376.00 1381.00 1385.00 1392.00 1396.00 1395.00 1394.00 1394.00 1395.00 1398.00 1399.00 1393.00 1381.00 1381.00 1400.00 1412.00 1416.00 1417.00 1411.00 1409.00 1408.00 1400.00 1387.00 1366.00 1340.00 1318.00 1312.00 1315.00 1315.00 1306.00 1285.00 1261.00 1237.00 1215.00 1195.00 1176.00 1156.00 1135.00 1113.00 1091.00 1068.00 1044.00 1016.00 988.00 966.00
1463.00 1463.00 1461.00 1459.00 1458.00 1448.00 1435.00 1442.00 1475.00 1484.00 1481.00 1492.00 1509.00 1515.00 1508.00 1492.00 1471.00 1448.00 1424.00 1403.00 1388.00 1371.00 1355.00 1351.00 1356.00 1365.00 1368.00 1371.00 1373.00 1372.00 1371.00 1369.00 1372.00 1377.00 1377.00 1364.00 1346.00 1352.00 1380.00 1395.00 1397.00 1395.00 1383.00 1378.00 1370.00 1358.00 1345.00 1323.00 1298.00 1282.00 1278.00 1279.00 1274.00 1257.00 1231.00 1215.00 1203.00 1187.00 1172.00 1156.00 1137.00 1117.00 1096.00 1073.00 1050.00 1022.00 995.00 973.00 952.00
1459.00 1456.00 1447.00 1438.00 1430.00 1418.00 1412.00 1427.00 1453.00 1455.00 1457.00 1475.00 1491.00 1495.00 1487.00 1470.00 1451.00 1429.00 1408.00 1387.00 1365.00 1344.00 1332.00 1329.00 1337.00 1348.00 1350.00 1351.00 1351.00 1350.00 1347.00 1344.00 1349.00 1357.00 1357.00 1339.00 1319.00 1318.00 1334.00 1355.00 1373.00 1375.00 1357.00 1347.00 1323.00 1312.00 1300.00 1283.00 1261.00 1246.00 1243.00 1242.00 1225.00 1211.00 1190.00 1180.00 1172.00 1160.00 1145.00 1130.00 1111.00 1092.00 1071.00 1048.00 1025.00 1000.00 977.00 958.00 939.00
1453.00 1447.00 1436.00 1421.00 1406.00 1394.00 1390.00 1405.00 1422.00 1424.00 1435.00 1457.00 1469.00 1471.00 1462.00 1448.00 1432.00 1412.00 1393.00 1368.00 1339.00 1317.00 1310.00 1307.00 1316.00 1326.00 1328.00 1328.00 1327.00 1327.00 1325.00 1322.00 1328.00 1339.00 1343.00 1334.00 1314.00 1282.00 1272.00 1281.00 1315.00 1329.00 1321.00 1306.00 1286.00 1275.00 1261.00 1240.00 1220.00 1209.00 1207.00 1202.00 1187.00 1176.00 1163.00 1154.00 1144.00 1131.00 1116.00 1096.00 1077.00 1057.00 1041.00 1024.00 1002.00 981.00 962.00 943.00 926.00
1448.00 1439.00 1426.00 1409.00 1390.00 1375.00 1367.00 1379.00 1392.00 1398.00 1412.00 1434.00 1443.00 1443.00 1435.00 1424.00 1412.00 1395.00 1374.00 1344.00 1311.00 1292.00 1285.00 1284.00 1290.00 1298.00 1299.00 1300.00 1300.00 1301.00 1301.00 1303.00 1309.00 1319.00 1326.00 1321.00 1304.00 1272.00 1237.00 1215.00 1222.00 1235.00 1240.00 1242.00 1239.00 1231.00 1215.00 1193.00 1178.00 1174.00 1173.00 1169.00 1161.00 1151.00 1140.00 1130.00 1115.00 1097.00 1079.00 1061.00 1045.00 1031.00 1017.00 1002.00 981.00 963.00 946.00 930.00 914.00
1443.00 1433.00 1419.00 1400.00 1378.00 1358.00 1346.00 1351.00 1363.00 1373.00 1387.00 1402.00 1410.00 1406.00 1398.00 1392.00 1388.00 1376.00 1349.00 1313.00 1285.00 1269.00 1259.00 1253.00 1260.00 1266.00 1269.00 1271.00 1268.00 1268.00 1273.00 1279.00 1285.00 1292.00 1297.00 1288.00 1275.00 1250.00 1219.00 1189.00 1172.00 1170.00 1176.00 1184.00 1187.00 1184.00 1169.00 1151.00 1137.00 1139.00 1144.00 1144.00 1138.00 1129.00 1116.00 1099.00 1082.00 1064.00 1048.00 1034.00 1021.00 1009.00 995.00 979.00 961.00 946.00 932.00 918.00 903.00
1438.00 1427.00 1411.00 1390.00 1365.00 1341.00 1326.00 1322.00 1329.00 1338.00 1348.00 1354.00 1352.00 1342.00 1336.00 1339.00 1344.00 1337.00 1308.00 1278.00 1261.00 1246.00 1227.00 1215.00 1222.00 1231.00 1238.00 1238.00 1232.00 1231.00 1235.00 1240.00 1245.00 1250.00 1251.00 1246.00 1241.00 1229.00 1208.00 1178.00 1152.00 1139.00 1140.00 1146.00 1152.00 1148.00 1137.00 1117.00 1102.00 1106.00 1116.00 1117.00 1110.00 1100.00 1085.00 1067.00 1053.00 1039.00 1026.00 1013.00 1001.00 988.00 974.00 960.00 946.00 933.00 920.00 907.00 890.00
1433.00 1420.00 1404.00 1382.00 1355.00 1329.00 1308.00 1296.00 1294.00 1294.00 1295.00 1293.00 1282.00 1269.00 1262.00 1265.00 1270.00 1277.00 1261.00 1244.00 1230.00 1212.00 1190.00 1179.00 1183.00 1193.00 1203.00 1202.00 1195.00 1195.00 1197.00 1199.00 1201.00 1202.00 1204.00 1206.00 1209.00 1207.00 1191.00 1166.00 1140.00 1123.00 1114.00 1112.00 1115.00 1114.00 1106.00 1088.00 1074.00 1077.00 1083.00 1082.00 1075.00 1065.00 1051.00 1040.00 1029.00 1017.00 1005.00 993.00 982.00 969.00 956.00 944.00 933.00 922.00 909.00 895.00 875.00
1427.00 1414.00 1397.00 1375.00 1349.00 1321.00 1297.00 1278.00 1265.00 1258.00 1251.00 1245.00 1233.00 1220.00 1209.00 1201.00 1197.00 1212.00 1215.00 1205.00 1191.00 1171.00 1156.00 1149.00 1153.00 1161.00 1169.00 1168.00 1163.00 1164.00 1164.00 1162.00 1160.00 1153.00 1155.00 1159.00 1168.00 1174.00 1160.00 1145.00 1126.00 1110.00 1099.00 1090.00 1086.00 1084.00 1077.00 1061.00 1052.00 1051.00 1050.00 1046.00 1039.00 1031.00 1022.00 1014.00 1005.00 992.00 982.00 971.00 962.00 950.00 939.00 929.00 920.00 910.00 897.00 880.00 857.00
1421.00 1408.00 1391.00 1369.00 1344.00 1317.00 1291.00 1268.00 1248.00 1234.00 1222.00 1211.00 1197.00 1183.00 1173.00 1162.00 1155.00 1157.00 1162.00 1163.00 1155.00 1141.00 1130.00 1123.00 1125.00 1132.00 1138.00 1137.00 1134.00 1133.00 1130.00 1125.00 1120.00 1113.00 1117.00 1124.00 1128.00 1128.00 1115.00 1112.00 1105.00 1093.00 1083.00 1072.00 1062.00 1056.00 1048.00 1036.00 1029.00 1025.00 1020.00 1015.00 1008.00 1001.00 995.00 987.00 977.00 966.00 958.00 949.00 940.00 932.00 924.00 916.00 909.00 898.00 884.00 864.00 842.00
1418.00 1404.00 1387.00 1365.00 1340.00 1313.00 1286.00 1262.00 1240.00 1221.00 1205.00 1189.00 1171.00 1156.00 1143.00 1131.00 1124.00 1123.00 1126.00 1129.00 1124.00 1115.00 1104.00 1096.00 1095.00 1101.00 1106.00 1105.00 1105.00 1101.00 1093.00 1084.00 1075.00 1074.00 1084.00 1094.00 1096.00 1093.00 1087.00 1080.00 1074.00 1068.00 1059.00 1048.00 1036.00 1028.00 1021.00 1013.00 1004.00 998.00 993.00 988.00 982.00 975.00 969.00 963.00 955.00 946.00 939.00 929.00 921.00 916.00 910.00 904.00 896.00 885.00 868.00 850.00 831.00
1415.00 1402.00 1383.00 1361.00 1337.00 1310.00 1283.00 1259.00 1237.00 1215.00 1196.00 1179.00 1161.00 1143.00 1126.00 1110.00 1099.00 1095.00 1096.00 1097.00 1095.00 1086.00 1078.00 1070.00 1067.00 1070.00 1073.00 1072.00 1072.00 1065.00 1054.00 1043.00 1036.00 1041.00 1055.00 1065.00 1067.00 1062.00 1053.00 1044.00 1036.00 1033.00 1029.00 1019.00 1006.00 995.00 987.00 981.00 975.00 970.00 967.00 964.00 959.00 954.00 950.00 945.00 938.00 930.00 921.00 913.00 906.00 901.00 895.00 889.00 882.00 870.00 854.00 838.00 821.00
1412.00 1399.00 1380.00 1358.00 1335.00 1306.00 1279.00 1256.00 1234.00 1212.00 1192.00 1175.00 1158.00 1139.00 1119.00 1098.00 1083.00 1074.00 1069.00 1066.00 1063.00 1056.00 1051.00 1046.00 1042.00 1041.00 1040.00 1037.00 1033.00 1024.00 1013.00 1003.00 999.00 1010.00 1023.00 1033.00 1035.00 1030.00 1020.00 1011.00 1003.00 996.00 988.00 978.00 963.00 952.00 946.00 944.00 943.00 942.00 941.00 941.00 939.00 937.00 934.00 930.00 924.00 916.00 907.00 899.00 892.00 886.00 880.00 873.00 865.00 853.00 839.00 826.00 808.00
1409.00 1395.00 1376.00 1355.00 1332.00 1303.00 1275.00 1254.00 1232.00 1210.00 1189.00 1170.00 1152.00 1134.00 1114.00 1093.00 1074.00 1059.00 1047.00 1039.00 1033.00 1028.00 1024.00 1022.00 1018.00 1014.00 1009.00 1002.00 994.00 984.00 973.00 963.00 961.00 973.00 985.00 994.00 996.00 992.00 982.00 970.00 956.00 942.00 931.00 921.00 913.00 908.00 910.00 914.00 918.00 919.00 919.00 919.00 918.00 918.00 917.00 914.00 908.00 900.00 892.00 884.00 876.00 869.00 862.00 855.00 847.00 836.00 823.00 807.00 787.00
1405.00 1391.00 1372.00 1350.00 1326.00 1298.00 1271.00 1251.00 1229.00 1205.00 1183.00 1163.00 1145.00 1127.00 1108.00 1088.00 1068.00 1050.00 1034.00 1022.00 1011.00 1004.00 999.00 996.00 993.00 987.00 979.00 970.00 960.00 949.00 939.00 929.00 926.00 931.00 939.00 945.00 945.00 940.00 933.00 923.00 910.00 898.00 887.00 879.00 873.00 874.00 885.00 896.00 902.00 902.00 901.00 899.00 898.00 897.00 897.00 895.00 891.00 883.00 874.00 865.00 858.00 851.00 843.00 836.00 828.00 815.00 800.00 778.00 754.00
1401.00 1385.00 1365.00 1342.00 1318.00 1291.00 1267.00 1247.00 1224.00 1199.00 1176.00 1155.00 1137.00 1118.00 1100.00 1081.00 1061.00 1041.00 1023.00 1007.00 992.00 981.00 974.00 970.00 966.00 959.00 951.00 940.00 929.00 918.00 908.00 900.00 895.00 893.00 893.00 894.00 894.00 893.00 889.00 881.00 871.00 859.00 850.00 846.00 848.00 856.00 869.00 881.00 887.00 887.00 884.00 880.00 877.00 876.00 875.00 874.00 869.00 863.00 855.00 847.00 840.00 835.00 828.00 819.00 807.00 791.00 769.00 745.00 726.00
1394.00 1376.00 1354.00 1330.00 1305.00 1280.00 1260.00 1240.00 1217.00 1192.00 1168.00 1147.00 1128.00 1108.00 1090.00 1071.00 1052.00 1031.00 1011.00 992.00 976.00 963.00 953.00 948.00 941.00 932.00 923.00 913.00 901.00 889.00 878.00 871.00 862.00 855.00 851.00 851.00 851.00 850.00 848.00 840.00 832.00 827.00 825.00 826.00 832.00 842.00 853.00 862.00 867.00 869.00 866.00 862.00 856.00 855.00 854.00 852.00 849.00 844.00 839.00 834.00 828.00 821.00 811.00 799.00 781.00 763.00 742.00 721.00 705.00
1385.00 1366.00 1341.00 1315.00 1292.00 1270.00 1251.00 1231.00 1209.00 1185.00 1161.00 1138.00 1118.00 1098.00 1079.00 1060.00 1040.00 1020.00 999.00 979.00 963.00 949.00 938.00 930.00 920.00 910.00 900.00 888.00 875.00 861.00 850.00 844.00 836.00 828.00 821.00 818.00 817.00 815.00 812.00 807.00 803.00 801.00 805.00 810.00 817.00 825.00 835.00 842.00 846.00 848.00 849.00 844.00 837.00 835.00 834.00 834.00 833.00 831.00 827.00 822.00 815.00 805.00 792.00 775.00 756.00 738.00 720.00 702.00 681.00
1375.00 1353.00 1326.00 1302.00 1280.00 1261.00 1244.00 1225.00 1203.00 1179.00 1155.00 1130.00 1108.00 1087.00 1070.00 1051.00 1031.00 1011.00 990.00 969.00 952.00 938.00 927.00 916.00 904.00 892.00 880.00 868.00 854.00 840.00 830.00 825.00 818.00 810.00 801.00 796.00 792.00 790.00 787.00 784.00 782.00 782.00 785.00 791.00 798.00 807.00 816.00 822.00 826.00 829.00 830.00 826.00 820.00 817.00 816.00 817.00 818.00 818.00 814.00 808.00 800.00 786.00 769.00 752.00 736.00 718.00 699.00 677.00 644.00
1367.00 1343.00 1317.00 1296.00 1278.00 1262.00 1246.00 1225.00 1205.00 1181.00 1157.00 1130.00 1107.00 1086.00 1069.00 1050.00 1030.00 1007.00 984.00 963.00 945.00 931.00 917.00 903.00 890.00 876.00 863.00 850.00 837.00 826.00 818.00 812.00 804.00 795.00 787.00 780.00 774.00 770.00 767.00 766.00 765.00 765.00 766.00 768.00 774.00 782.00 791.00 799.00 805.00 809.00 810.00 807.00 803.00 798.00 797.00 798.00 801.00 801.00 796.00 788.00 776.00 762.00 745.00 729.00 715.00 697.00 674.00 644.00 603.00
1362.00 1341.00 1320.00 1304.00 1291.00 1279.00 1263.00 1240.00 1218.00 1193.00 1168.00 1141.00 1116.00 1093.00 1073.00 1053.00 1032.00 1006.00 980.00 959.00 941.00 925.00 909.00 893.00 877.00 862.00 848.00 836.00 825.00 816.00 808.00 801.00 793.00 783.00 774.00 767.00 759.00 753.00 749.00 748.00 749.00 749.00 749.00 749.00 750.00 753.00 760.00 768.00 776.00 780.00 782.00 787.00 787.00 780.00 775.00 773.00 772.00 769.00 765.00 758.00 746.00 733.00 719.00 706.00 691.00 670.00 641.00 607.00 572.00
1361.00 1347.00 1332.00 1321.00 1314.00 1305.00 1290.00 1263.00 1233.00 1205.00 1178.00 1150.00 1123.00 1097.00 1072.00 1050.00 1028.00 1003.00 978.00 956.00 938.00 921.00 903.00 885.00 866.00 850.00 836.00 824.00 815.00 807.00 799.00 791.00 782.00 772.00 763.00 754.00 745.00 737.00 732.00 731.00 733.00 734.00 733.00 731.00 730.00 729.00 730.00 732.00 737.00 743.00 751.00 763.00 768.00 762.00 753.00 745.00 738.00 732.00 727.00 722.00 718.00 708.00 695.00 681.00 662.00 636.00 607.00 580.00 553.00
1361.00 1355.00 1346.00 1338.00 1332.00 1322.00 1306.00 1276.00 1242.00 1209.00 1180.00 1152.00 1123.00 1093.00 1066.00 1043.00 1022.00 1000.00 975.00 953.00 935.00 917.00 897.00 878.00 858.00 841.00 827.00 815.00 807.00 799.00 791.00 782.00 773.00 763.00 754.00 744.00 733.00 723.00 717.00 715.00 716.00 717.00 716.00 714.00 710.00 707.00 703.00 700.00 700.00 706.00 717.00 731.00 738.00 735.00 726.00 715.00 707.00 703.00 700.00 697.00 692.00 684.00 672.00 655.00 634.00 610.00 587.00 563.00 539.00
1361.00 1360.00 1355.00 1349.00 1340.00 1326.00 1304.00 1275.00 1238.00 1202.00 1174.00 1148.00 1117.00 1086.00 1061.00 1038.00 1018.00 996.00 972.00 950.00 932.00 913.00 893.00 872.00 853.00 834.00 819.00 808.00 800.00 791.00 783.00 774.00 765.00 756.00 746.00 736.00 725.00 714.00 705.00 700.00 697.00 696.00 697.00 696.00 692.00 687.00 681.00 674.00 671.00 675.00 682.00 689.00 692.00 689.00 686.00 680.00 677.00 675.00 674.00 671.00 666.00 658.00 647.00 632.00 614.00 593.00 574.00 549.00 524.00
1361.00 1362.00 1360.00 1354.00 1343.00 1323.00 1295.00 1265.00 1229.00 1192.00 1168.00 1142.00 1110.00 1081.00 1059.00 1038.00 1015.00 992.00 969.00 948.00 929.00 909.00 889.00 868.00 848.00 829.00 813.00 801.00 792.00 783.00 774.00 765.00 757.00 748.00 739.00 729.00 718.00 706.00 695.00 686.00 680.00 678.00 678.00 678.00 675.00 670.00 663.00 655.00 650.00 649.00 650.00 650.00 648.00 646.00 645.00 644.00 642.00 641.00 641.00 641.00 639.00 634.00 625.00 612.00 596.00 579.00 556.00 530.00 507.00
1363.00 1363.00 1361.00 1356.00 1344.00 1322.00 1292.00 1260.00 1226.00 1191.00 1166.00 1138.00 1107.00 1080.00 1057.00 1036.00 1012.00 988.00 965.00 945.00 925.00 905.00 885.00 864.00 843.00 824.00 807.00 794.00 783.00 774.00 765.00 756.00 748.00 740.00 732.00 723.00 712.00 700.00 687.00 675.00 667.00 663.00 663.00 663.00 660.00 654.00 647.00 640.00 633.00 628.00 623.00 619.00 616.00 614.00 610.00 607.00 603.00 603.00 607.00 609.00 610.00 608.00 601.00 588.00 572.00 555.00 530.00 507.00 490.00
1364.00 1364.00 1361.00 1356.00 1343.00 1321.00 1290.00 1256.00 1226.00 1194.00 1166.00 1136.00 1105.00 1079.00 1054.00 1031.00 1006.00 983.00 962.00 941.00 921.00 901.00 880.00 859.00 838.00 819.00 802.00 788.00 775.00 764.00 753.00 745.00 737.00 729.00 722.00 714.00 705.00 695.00 682.00 667.00 656.00 650.00 650.00 649.00 646.00 640.00 633.00 625.00 618.00 610.00 603.00 597.00 592.00 586.00 577.00 569.00 565.00 570.00 577.00 581.00 581.00 578.00 571.00 558.00 541.00 522.00 504.00 489.00 478.00
1364.00 1363.00 1361.00 1353.00 1339.00 1314.00 1278.00 1246.00 1218.00 1191.00 1164.00 1133.00 1102.00 1076.00 1052.00 1026.00 1001.00 979.00 958.00 937.00 917.00 897.00 876.00 854.00 834.00 815.00 798.00 782.00 768.00 754.00 741.00 732.00 724.00 717.00 711.00 703.00 696.00 687.00 676.00 660.00 647.00 640.00 638.00 636.00 632.00 627.00 620.00 612.00 603.00 595.00 587.00 580.00 573.00 563.00 552.00 544.00 541.00 545.00 550.00 552.00 550.00 547.00 539.00 525.00 511.00 497.00 486.00 477.00 473.00
