ressources/DEM/Grenoble_16_dalles/BDALTIV1_FXX_0930_6460_MNT_20120919_LAMB93_IGN69.asc
ncols        400
nrows        400
xllcorner    929987.50000000
yllcorner    6450012.50000000
cellsize     25.00000000
NODATA_value -99999.00
[rows 330 to 359 of 400, columns 134 to 200 of 400]
1401.00 1398.00 1392.00 1381.00 1379.00 1392.00 1412.00 1424.00 1423.00 1409.00 1379.00 1337.00 1296.00 1263.00 1233.00 1206.00 1186.00 1172.00 1169.00 1171.00 1178.00 1193.00 1216.00 1238.00 1252.00 1256.00 1252.00 1248.00 1245.00 1238.00 1230.00 1221.00 1210.00 1194.00 1176.00 1161.00 1146.00 1139.00 1141.00 1143.00 1141.00 1137.00 1132.00 1128.00 1125.00 1122.00 1120.00 1118.00 1115.00 1113.00 1107.00 1099.00 1091.00 1087.00 1091.00 1098.00 1106.00 1113.00 1118.00 1122.00 1128.00 1135.00 1140.00 1142.00 1140.00 1130.00 1110.00
1369.00 1369.00 1367.00 1360.00 1361.00 1377.00 1400.00 1414.00 1416.00 1406.00 1380.00 1339.00 1300.00 1264.00 1228.00 1198.00 1176.00 1162.00 1155.00 1155.00 1159.00 1169.00 1184.00 1200.00 1215.00 1224.00 1225.00 1225.00 1223.00 1218.00 1211.00 1204.00 1194.00 1180.00 1164.00 1144.00 1124.00 1117.00 1121.00 1125.00 1124.00 1121.00 1117.00 1113.00 1110.00 1107.00 1105.00 1102.00 1099.00 1095.00 1090.00 1082.00 1074.00 1074.00 1079.00 1084.00 1089.00 1095.00 1099.00 1103.00 1111.00 1119.00 1123.00 1124.00 1119.00 1103.00 1075.00
1342.00 1331.00 1326.00 1326.00 1334.00 1352.00 1378.00 1398.00 1404.00 1397.00 1374.00 1337.00 1301.00 1263.00 1223.00 1192.00 1170.00 1153.00 1141.00 1136.00 1140.00 1148.00 1159.00 1170.00 1184.00 1194.00 1198.00 1199.00 1199.00 1194.00 1187.00 1180.00 1173.00 1162.00 1148.00 1125.00 1102.00 1098.00 1104.00 1108.00 1108.00 1105.00 1102.00 1099.00 1096.00 1092.00 1089.00 1086.00 1082.00 1078.00 1073.00 1067.00 1060.00 1060.00 1065.00 1071.00 1075.00 1078.00 1081.00 1085.00 1091.00 1098.00 1103.00 1104.00 1093.00 1065.00 1036.00
1338.00 1307.00 1285.00 1281.00 1292.00 1310.00 1334.00 1361.00 1375.00 1375.00 1357.00 1317.00 1278.00 1245.00 1213.00 1185.00 1164.00 1144.00 1125.00 1115.00 1117.00 1124.00 1132.00 1141.00 1153.00 1162.00 1166.00 1168.00 1167.00 1164.00 1158.00 1153.00 1149.00 1140.00 1126.00 1101.00 1080.00 1080.00 1088.00 1092.00 1092.00 1090.00 1087.00 1084.00 1081.00 1077.00 1073.00 1069.00 1065.00 1060.00 1056.00 1051.00 1046.00 1045.00 1050.00 1057.00 1062.00 1066.00 1069.00 1071.00 1073.00 1077.00 1081.00 1081.00 1068.00 1033.00 1005.00
1349.00 1307.00 1262.00 1236.00 1236.00 1249.00 1268.00 1291.00 1308.00 1312.00 1297.00 1265.00 1234.00 1213.00 1192.00 1171.00 1153.00 1130.00 1102.00 1087.00 1088.00 1094.00 1099.00 1103.00 1110.00 1117.00 1121.00 1123.00 1124.00 1122.00 1119.00 1117.00 1115.00 1109.00 1095.00 1075.00 1061.00 1062.00 1071.00 1076.00 1076.00 1073.00 1071.00 1068.00 1065.00 1061.00 1057.00 1052.00 1048.00 1043.00 1037.00 1031.00 1026.00 1028.00 1036.00 1044.00 1051.00 1056.00 1058.00 1059.00 1059.00 1059.00 1058.00 1050.00 1032.00 1001.00 978.00
1354.00 1321.00 1267.00 1214.00 1186.00 1181.00 1193.00 1208.00 1221.00 1221.00 1211.00 1196.00 1184.00 1174.00 1162.00 1150.00 1139.00 1115.00 1073.00 1051.00 1053.00 1058.00 1061.00 1063.00 1064.00 1066.00 1068.00 1071.00 1073.00 1072.00 1070.00 1068.00 1065.00 1061.00 1052.00 1040.00 1033.00 1039.00 1051.00 1058.00 1059.00 1056.00 1054.00 1051.00 1047.00 1043.00 1038.00 1033.00 1029.00 1024.00 1018.00 1011.00 1008.00 1013.00 1022.00 1031.00 1038.00 1044.00 1047.00 1047.00 1045.00 1040.00 1031.00 1011.00 987.00 966.00 951.00
1346.00 1332.00 1294.00 1234.00 1178.00 1145.00 1138.00 1143.00 1149.00 1152.00 1150.00 1144.00 1137.00 1131.00 1127.00 1124.00 1119.00 1098.00 1046.00 1017.00 1016.00 1020.00 1022.00 1021.00 1020.00 1019.00 1018.00 1018.00 1018.00 1017.00 1015.00 1012.00 1009.00 1007.00 1003.00 1000.00 1002.00 1012.00 1027.00 1037.00 1039.00 1038.00 1036.00 1032.00 1028.00 1022.00 1016.00 1011.00 1007.00 1002.00 997.00 991.00 991.00 999.00 1009.00 1018.00 1024.00 1029.00 1031.00 1031.00 1028.00 1018.00 1001.00 979.00 958.00 941.00 929.00
1331.00 1329.00 1315.00 1272.00 1210.00 1159.00 1130.00 1111.00 1095.00 1088.00 1094.00 1098.00 1092.00 1087.00 1089.00 1094.00 1093.00 1077.00 1028.00 995.00 983.00 979.00 980.00 980.00 977.00 975.00 973.00 971.00 969.00 968.00 969.00 969.00 970.00 970.00 971.00 973.00 980.00 989.00 1000.00 1012.00 1016.00 1017.00 1015.00 1010.00 1004.00 998.00 992.00 987.00 983.00 979.00 974.00 971.00 974.00 984.00 996.00 1004.00 1009.00 1012.00 1013.00 1010.00 1002.00 987.00 967.00 948.00 932.00 918.00 909.00
1313.00 1316.00 1315.00 1293.00 1249.00 1197.00 1156.00 1120.00 1081.00 1048.00 1038.00 1039.00 1037.00 1039.00 1051.00 1063.00 1069.00 1061.00 1022.00 992.00 966.00 947.00 942.00 941.00 939.00 936.00 933.00 931.00 928.00 927.00 930.00 935.00 939.00 942.00 945.00 950.00 960.00 971.00 980.00 987.00 991.00 992.00 991.00 985.00 978.00 972.00 968.00 964.00 960.00 954.00 948.00 946.00 954.00 967.00 980.00 989.00 993.00 995.00 994.00 985.00 964.00 944.00 931.00 918.00 906.00 895.00 888.00
1292.00 1298.00 1300.00 1290.00 1265.00 1227.00 1185.00 1146.00 1105.00 1063.00 1018.00 995.00 994.00 1001.00 1015.00 1032.00 1047.00 1049.00 1026.00 1005.00 976.00 936.00 915.00 908.00 904.00 901.00 897.00 894.00 890.00 890.00 895.00 903.00 910.00 916.00 921.00 927.00 938.00 951.00 961.00 967.00 969.00 967.00 964.00 958.00 953.00 949.00 947.00 943.00 938.00 931.00 924.00 921.00 931.00 946.00 961.00 971.00 975.00 976.00 974.00 959.00 930.00 910.00 900.00 890.00 881.00 873.00 868.00
1262.00 1270.00 1275.00 1268.00 1254.00 1232.00 1197.00 1159.00 1127.00 1084.00 1022.00 982.00 969.00 969.00 977.00 997.00 1018.00 1027.00 1020.00 1007.00 980.00 934.00 898.00 881.00 874.00 867.00 859.00 853.00 849.00 851.00 858.00 869.00 879.00 888.00 896.00 898.00 905.00 921.00 937.00 944.00 945.00 943.00 940.00 936.00 932.00 929.00 926.00 922.00 916.00 909.00 902.00 901.00 912.00 925.00 938.00 948.00 952.00 954.00 949.00 924.00 892.00 879.00 872.00 864.00 857.00 852.00 848.00
1227.00 1234.00 1239.00 1236.00 1227.00 1214.00 1183.00 1148.00 1127.00 1093.00 1027.00 985.00 962.00 946.00 942.00 957.00 977.00 989.00 991.00 980.00 958.00 926.00 889.00 862.00 846.00 830.00 815.00 809.00 806.00 807.00 816.00 828.00 838.00 848.00 860.00 858.00 855.00 873.00 898.00 912.00 916.00 916.00 915.00 913.00 911.00 909.00 905.00 900.00 893.00 886.00 881.00 884.00 895.00 905.00 913.00 918.00 921.00 919.00 907.00 883.00 861.00 852.00 845.00 838.00 834.00 832.00 829.00
1191.00 1193.00 1194.00 1190.00 1182.00 1170.00 1144.00 1118.00 1106.00 1088.00 1042.00 1008.00 978.00 944.00 919.00 917.00 930.00 944.00 949.00 943.00 927.00 904.00 875.00 846.00 820.00 797.00 780.00 775.00 774.00 777.00 782.00 790.00 795.00 799.00 807.00 805.00 801.00 812.00 842.00 868.00 881.00 887.00 888.00 887.00 887.00 885.00 882.00 877.00 869.00 863.00 863.00 870.00 878.00 885.00 889.00 889.00 886.00 881.00 866.00 849.00 837.00 829.00 822.00 816.00 814.00 812.00 811.00
1141.00 1135.00 1128.00 1122.00 1115.00 1105.00 1092.00 1081.00 1076.00 1069.00 1055.00 1032.00 1000.00 962.00 925.00 900.00 895.00 899.00 902.00 901.00 888.00 867.00 848.00 824.00 796.00 772.00 758.00 753.00 753.00 755.00 757.00 759.00 762.00 765.00 768.00 768.00 766.00 772.00 793.00 819.00 841.00 855.00 858.00 859.00 859.00 858.00 856.00 852.00 846.00 842.00 848.00 857.00 862.00 865.00 864.00 860.00 852.00 842.00 833.00 823.00 815.00 808.00 801.00 796.00 795.00 794.00 793.00
1071.00 1062.00 1054.00 1050.00 1047.00 1046.00 1045.00 1045.00 1045.00 1044.00 1041.00 1030.00 1010.00 981.00 946.00 909.00 879.00 865.00 860.00 858.00 848.00 832.00 818.00 800.00 776.00 756.00 743.00 738.00 738.00 739.00 738.00 736.00 736.00 739.00 742.00 743.00 744.00 753.00 768.00 782.00 801.00 816.00 822.00 824.00 825.00 825.00 825.00 824.00 823.00 826.00 835.00 842.00 842.00 841.00 836.00 830.00 822.00 815.00 808.00 800.00 794.00 787.00 782.00 778.00 777.00 776.00 776.00
1010.00 1006.00 1003.00 1002.00 997.00 1000.00 1007.00 1011.00 1015.00 1016.00 1013.00 1004.00 991.00 974.00 949.00 915.00 876.00 846.00 834.00 828.00 819.00 808.00 797.00 782.00 762.00 747.00 736.00 732.00 730.00 729.00 724.00 721.00 719.00 719.00 724.00 728.00 731.00 736.00 744.00 756.00 768.00 777.00 785.00 790.00 792.00 793.00 794.00 796.00 801.00 810.00 820.00 823.00 817.00 806.00 802.00 798.00 794.00 790.00 785.00 779.00 773.00 767.00 763.00 760.00 758.00 758.00 757.00
969.00 971.00 972.00 973.00 962.00 963.00 972.00 977.00 981.00 980.00 973.00 961.00 947.00 931.00 914.00 891.00 859.00 832.00 817.00 811.00 802.00 793.00 784.00 771.00 755.00 742.00 733.00 729.00 726.00 722.00 717.00 714.00 711.00 712.00 715.00 718.00 719.00 718.00 718.00 727.00 737.00 744.00 754.00 762.00 766.00 769.00 771.00 774.00 781.00 794.00 804.00 804.00 795.00 782.00 773.00 769.00 768.00 767.00 763.00 757.00 752.00 747.00 744.00 741.00 740.00 739.00 738.00
935.00 938.00 942.00 945.00 934.00 929.00 934.00 939.00 939.00 933.00 922.00 909.00 894.00 877.00 860.00 842.00 824.00 812.00 803.00 798.00 792.00 784.00 776.00 764.00 751.00 739.00 731.00 726.00 722.00 718.00 714.00 711.00 710.00 710.00 712.00 714.00 714.00 710.00 708.00 709.00 712.00 716.00 728.00 740.00 747.00 751.00 754.00 757.00 765.00 777.00 786.00 783.00 772.00 756.00 746.00 742.00 743.00 743.00 740.00 737.00 733.00 730.00 729.00 727.00 726.00 725.00 724.00
901.00 903.00 906.00 908.00 900.00 893.00 894.00 896.00 894.00 885.00 875.00 864.00 848.00 830.00 811.00 795.00 787.00 787.00 786.00 784.00 779.00 774.00 768.00 758.00 746.00 736.00 728.00 723.00 719.00 716.00 714.00 712.00 711.00 712.00 713.00 714.00 712.00 709.00 705.00 703.00 703.00 707.00 716.00 728.00 735.00 739.00 743.00 746.00 753.00 763.00 766.00 759.00 744.00 731.00 724.00 723.00 723.00 723.00 722.00 720.00 720.00 720.00 719.00 719.00 718.00 718.00 717.00
870.00 872.00 874.00 869.00 859.00 852.00 849.00 848.00 845.00 838.00 831.00 820.00 802.00 784.00 771.00 764.00 763.00 766.00 769.00 770.00 767.00 763.00 758.00 749.00 739.00 731.00 725.00 721.00 718.00 716.00 715.00 715.00 715.00 715.00 716.00 716.00 714.00 711.00 707.00 704.00 703.00 707.00 714.00 722.00 727.00 732.00 735.00 739.00 745.00 748.00 745.00 733.00 724.00 716.00 712.00 712.00 712.00 713.00 713.00 714.00 715.00 716.00 716.00 716.00 715.00 715.00 714.00
839.00 841.00 841.00 834.00 820.00 810.00 804.00 799.00 794.00 786.00 777.00 765.00 753.00 748.00 746.00 745.00 747.00 751.00 755.00 756.00 755.00 752.00 747.00 740.00 732.00 725.00 721.00 719.00 718.00 717.00 717.00 717.00 718.00 718.00 718.00 718.00 717.00 714.00 711.00 709.00 708.00 710.00 714.00 718.00 722.00 727.00 730.00 734.00 737.00 736.00 729.00 721.00 715.00 711.00 708.00 708.00 708.00 709.00 710.00 712.00 713.00 714.00 715.00 715.00 715.00 715.00 714.00
807.00 807.00 805.00 799.00 787.00 776.00 766.00 758.00 751.00 740.00 730.00 721.00 718.00 723.00 730.00 733.00 736.00 739.00 743.00 744.00 744.00 742.00 738.00 732.00 725.00 720.00 719.00 718.00 718.00 718.00 719.00 719.00 720.00 720.00 720.00 719.00 719.00 718.00 716.00 714.00 714.00 714.00 716.00 718.00 720.00 722.00 725.00 729.00 731.00 729.00 721.00 716.00 713.00 710.00 709.00 709.00 709.00 710.00 712.00 713.00 714.00 715.00 716.00 716.00 716.00 716.00 716.00
782.00 777.00 774.00 769.00 760.00 749.00 740.00 731.00 722.00 713.00 707.00 703.00 704.00 711.00 720.00 725.00 728.00 731.00 733.00 734.00 734.00 733.00 731.00 726.00 721.00 719.00 718.00 718.00 718.00 719.00 720.00 720.00 720.00 720.00 720.00 720.00 720.00 720.00 719.00 719.00 718.00 718.00 718.00 718.00 718.00 719.00 721.00 723.00 725.00 724.00 719.00 715.00 713.00 712.00 712.00 712.00 713.00 714.00 715.00 715.00 716.00 717.00 717.00 717.00 717.00 718.00 718.00
762.00 756.00 750.00 744.00 738.00 730.00 723.00 716.00 708.00 703.00 702.00 701.00 702.00 707.00 715.00 720.00 723.00 724.00 725.00 725.00 725.00 724.00 723.00 721.00 718.00 718.00 718.00 718.00 719.00 719.00 720.00 720.00 720.00 720.00 720.00 720.00 720.00 720.00 720.00 720.00 720.00 720.00 719.00 718.00 718.00 718.00 718.00 719.00 720.00 719.00 718.00 716.00 715.00 715.00 716.00 716.00 717.00 717.00 718.00 718.00 718.00 718.00 718.00 718.00 719.00 719.00 719.00
744.00 738.00 733.00 727.00 723.00 719.00 714.00 710.00 705.00 702.00 702.00 702.00 704.00 708.00 713.00 718.00 720.00 720.00 720.00 720.00 719.00 718.00 718.00 717.00 717.00 717.00 718.00 719.00 719.00 720.00 720.00 720.00 720.00 720.00 720.00 720.00 720.00 720.00 720.00 720.00 720.00 720.00 720.00 719.00 718.00 717.00 717.00 717.00 717.00 717.00 717.00 717.00 717.00 718.00 718.00 719.00 720.00 720.00 720.00 719.00 719.00 719.00 719.00 719.00 719.00 720.00 720.00
729.00 725.00 722.00 719.00 716.00 714.00 711.00 709.00 707.00 706.00 706.00 707.00 709.00 712.00 715.00 717.00 719.00 720.00 720.00 719.00 718.00 717.00 716.00 716.00 717.00 718.00 718.00 719.00 719.00 720.00 720.00 719.00 719.00 719.00 719.00 719.00 719.00 720.00 720.00 720.00 720.00 720.00 720.00 719.00 718.00 718.00 717.00 717.00 717.00 717.00 718.00 718.00 719.00 719.00 720.00 720.00 720.00 720.00 720.00 720.00 720.00 720.00 720.00 720.00 720.00 720.00 720.00
720.00 718.00 717.00 715.00 714.00 713.00 712.00 712.00 712.00 713.00 714.00 715.00 716.00 717.00 717.00 718.00 719.00 719.00 719.00 718.00 717.00 716.00 716.00 717.00 717.00 718.00 719.00 719.00 719.00 719.00 719.00 719.00 719.00 719.00 719.00 719.00 719.00 719.00 719.00 719.00 720.00 720.00 720.00 719.00 719.00 718.00 718.00 718.00 717.00 718.00 718.00 719.00 720.00 720.00 720.00 720.00 720.00 720.00 720.00 720.00 720.00 720.00 720.00 720.00 720.00 720.00 720.00
716.00 716.00 715.00 715.00 714.00 714.00 715.00 716.00 717.00 718.00 719.00 720.00 720.00 720.00 719.00 719.00 718.00 718.00 718.00 718.00 717.00 717.00 717.00 718.00 718.00 719.00 719.00 720.00 720.00 719.00 719.00 719.00 719.00 719.00 719.00 719.00 719.00 719.00 719.00 719.00 719.00 719.00 719.00 719.00 719.00 719.00 719.00 718.00 718.00 718.00 719.00 719.00 720.00 720.00 720.00 720.00 720.00 720.00 720.00 720.00 720.00 720.00 720.00 720.00 720.00 719.00 719.00
715.00 715.00 715.00 715.00 716.00 717.00 717.00 718.00 719.00 720.00 720.00 720.00 720.00 720.00 720.00 719.00 718.00 718.00 718.00 718.00 718.00 718.00 719.00 719.00 719.00 720.00 720.00 720.00 720.00 720.00 719.00 719.00 719.00 719.00 719.00 719.00 719.00 719.00 719.00 719.00 719.00 719.00 719.00 719.00 719.00 719.00 719.00 719.00 719.00 719.00 719.00 719.00 720.00 720.00 719.00 719.00 719.00 719.00 719.00 719.00 719.00 719.00 719.00 719.00 719.00 719.00 719.00
715.00 716.00 716.00 717.00 718.00 718.00 719.00 720.00 720.00 720.00 720.00 720.00 720.00 719.00 719.00 718.00 718.00 718.00 718.00 718.00 718.00 719.00 719.00 720.00 720.00 720.00 720.00 720.00 720.00 720.00 720.00 719.00 719.00 719.00 719.00 719.00 719.00 719.00 719.00 719.00 719.00 719.00 719.00 719.00 719.00 720.00 720.00 720.00 720.00 720.00 720.00 720.00 720.00 719.00 719.00 719.00 719.00 719.00 719.00 719.00 719.00 719.00 719.00 719.00 719.00 719.00 719.00
