ressources/DEM/Grenoble_16_dalles/BDALTIV1_FXX_0920_6450_MNT_20120919_LAMB93_IGN69.asc
ncols        400
nrows        400
xllcorner    919987.50000000
yllcorner    6440012.50000000
cellsize     25.00000000
NODATA_value -99999.00
[rows 0 to 29 of 400, columns 0 to 68 of 400]
449.00 444.00 435.00 425.00 413.00 401.00 390.00 381.00 372.00 363.00 358.00 354.00 352.00 349.00 348.00 347.00 346.00 345.00 344.00 343.00 342.00 341.00 339.00 338.00 337.00 336.00 336.00 336.00 337.00 337.00 338.00 339.00 341.00 342.00 343.00 345.00 346.00 348.00 349.00 352.00 356.00 360.00 363.00 366.00 369.00 371.00 374.00 376.00 378.00 380.00 381.00 383.00 385.00 388.00 390.00 393.00 399.00 406.00 414.00 423.00 433.00 441.00 447.00 452.00 457.00 463.00 470.00 476.00 482.00
446.00 439.00 430.00 419.00 407.00 395.00 385.00 376.00 367.00 360.00 355.00 352.00 349.00 348.00 346.00 346.00 345.00 344.00 343.00 342.00 341.00 339.00 338.00 337.00 336.00 335.00 335.00 335.00 336.00 337.00 338.00 339.00 341.00 342.00 344.00 345.00 347.00 348.00 351.00 353.00 357.00 361.00 364.00 367.00 370.00 372.00 375.00 377.00 379.00 381.00 382.00 384.00 386.00 388.00 390.00 393.00 396.00 402.00 410.00 420.00 430.00 438.00 445.00 451.00 457.00 464.00 470.00 477.00 483.00
442.00 433.00 424.00 412.00 401.00 390.00 380.00 370.00 363.00 357.00 353.00 350.00 348.00 346.00 345.00 344.00 343.00 343.00 342.00 341.00 339.00 338.00 337.00 336.00 335.00 335.00 334.00 335.00 336.00 337.00 338.00 339.00 341.00 342.00 344.00 346.00 347.00 349.00 352.00 355.00 359.00 362.00 365.00 368.00 371.00 373.00 376.00 378.00 380.00 382.00 383.00 385.00 387.00 388.00 390.00 392.00 395.00 398.00 405.00 415.00 424.00 432.00 440.00 447.00 454.00 462.00 470.00 478.00 484.00
436.00 427.00 417.00 406.00 395.00 384.00 374.00 365.00 359.00 355.00 351.00 348.00 346.00 345.00 344.00 343.00 342.00 341.00 340.00 339.00 338.00 337.00 336.00 335.00 334.00 334.00 334.00 334.00 335.00 337.00 338.00 339.00 341.00 343.00 344.00 346.00 348.00 350.00 353.00 356.00 360.00 363.00 366.00 369.00 372.00 375.00 377.00 379.00 381.00 383.00 385.00 386.00 387.00 389.00 390.00 392.00 394.00 396.00 401.00 410.00 419.00 426.00 433.00 441.00 449.00 458.00 467.00 477.00 484.00
429.00 419.00 409.00 399.00 388.00 377.00 368.00 361.00 356.00 352.00 349.00 347.00 345.00 344.00 343.00 342.00 341.00 340.00 339.00 338.00 337.00 336.00 335.00 334.00 333.00 333.00 334.00 334.00 335.00 337.00 338.00 340.00 341.00 343.00 345.00 347.00 349.00 351.00 354.00 357.00 360.00 363.00 366.00 370.00 373.00 375.00 378.00 380.00 382.00 384.00 386.00 387.00 388.00 389.00 390.00 392.00 394.00 396.00 400.00 407.00 414.00 421.00 428.00 435.00 443.00 452.00 462.00 472.00 481.00
420.00 410.00 400.00 391.00 381.00 371.00 362.00 357.00 353.00 350.00 347.00 345.00 344.00 342.00 341.00 340.00 340.00 339.00 338.00 337.00 336.00 335.00 334.00 333.00 333.00 333.00 333.00 334.00 335.00 337.00 338.00 340.00 342.00 344.00 346.00 347.00 350.00 352.00 354.00 357.00 360.00 363.00 366.00 370.00 373.00 376.00 379.00 382.00 384.00 386.00 387.00 388.00 389.00 390.00 391.00 393.00 395.00 398.00 401.00 406.00 412.00 418.00 424.00 430.00 437.00 445.00 454.00 465.00 475.00
410.00 400.00 391.00 383.00 373.00 365.00 358.00 353.00 350.00 347.00 345.00 343.00 342.00 341.00 340.00 339.00 338.00 337.00 336.00 335.00 334.00 334.00 333.00 333.00 333.00 333.00 333.00 334.00 335.00 337.00 338.00 340.00 342.00 344.00 346.00 348.00 350.00 352.00 355.00 357.00 359.00 363.00 366.00 370.00 373.00 377.00 380.00 382.00 385.00 386.00 388.00 389.00 390.00 391.00 393.00 395.00 398.00 401.00 404.00 407.00 411.00 415.00 421.00 426.00 432.00 438.00 446.00 457.00 467.00
402.00 392.00 383.00 375.00 367.00 360.00 355.00 350.00 347.00 345.00 343.00 342.00 340.00 339.00 338.00 337.00 336.00 335.00 335.00 334.00 333.00 333.00 332.00 332.00 332.00 333.00 333.00 334.00 335.00 337.00 339.00 341.00 343.00 345.00 347.00 348.00 351.00 353.00 355.00 357.00 359.00 362.00 365.00 369.00 373.00 377.00 380.00 383.00 385.00 387.00 388.00 390.00 391.00 393.00 395.00 400.00 404.00 407.00 409.00 410.00 411.00 414.00 419.00 423.00 428.00 433.00 439.00 448.00 458.00
394.00 385.00 377.00 369.00 362.00 356.00 351.00 348.00 345.00 343.00 341.00 340.00 338.00 337.00 336.00 335.00 334.00 334.00 333.00 333.00 332.00 332.00 332.00 332.00 332.00 333.00 333.00 334.00 336.00 337.00 339.00 341.00 343.00 345.00 347.00 349.00 351.00 353.00 355.00 357.00 359.00 361.00 364.00 369.00 373.00 377.00 380.00 383.00 385.00 387.00 389.00 391.00 393.00 396.00 400.00 408.00 414.00 416.00 416.00 415.00 415.00 417.00 419.00 421.00 425.00 429.00 434.00 440.00 449.00
388.00 379.00 371.00 363.00 357.00 352.00 348.00 345.00 342.00 340.00 339.00 337.00 336.00 335.00 334.00 333.00 332.00 332.00 331.00 331.00 331.00 331.00 332.00 332.00 332.00 333.00 334.00 335.00 336.00 337.00 339.00 341.00 343.00 345.00 347.00 349.00 351.00 353.00 355.00 356.00 358.00 360.00 364.00 368.00 372.00 376.00 379.00 382.00 385.00 387.00 389.00 392.00 396.00 401.00 409.00 419.00 426.00 428.00 426.00 424.00 423.00 422.00 421.00 421.00 423.00 426.00 430.00 436.00 442.00
382.00 373.00 365.00 359.00 354.00 349.00 346.00 343.00 340.00 338.00 336.00 335.00 334.00 333.00 332.00 331.00 330.00 330.00 330.00 330.00 330.00 331.00 331.00 332.00 332.00 333.00 334.00 335.00 336.00 338.00 340.00 342.00 344.00 346.00 347.00 349.00 351.00 353.00 355.00 356.00 358.00 360.00 363.00 367.00 371.00 375.00 378.00 382.00 385.00 387.00 390.00 394.00 399.00 407.00 418.00 430.00 438.00 441.00 440.00 438.00 434.00 428.00 424.00 422.00 422.00 423.00 428.00 433.00 438.00
376.00 367.00 360.00 355.00 350.00 347.00 343.00 340.00 338.00 336.00 334.00 332.00 331.00 330.00 329.00 328.00 328.00 328.00 329.00 329.00 330.00 330.00 331.00 332.00 332.00 333.00 334.00 335.00 337.00 338.00 340.00 342.00 344.00 346.00 348.00 349.00 351.00 353.00 354.00 356.00 357.00 359.00 361.00 365.00 369.00 373.00 377.00 381.00 384.00 388.00 392.00 396.00 403.00 414.00 426.00 439.00 447.00 452.00 454.00 454.00 448.00 436.00 428.00 424.00 423.00 424.00 428.00 432.00 437.00
369.00 362.00 356.00 351.00 347.00 344.00 341.00 338.00 336.00 333.00 331.00 330.00 328.00 327.00 326.00 326.00 326.00 327.00 328.00 328.00 329.00 330.00 331.00 332.00 333.00 333.00 334.00 336.00 337.00 339.00 340.00 342.00 344.00 346.00 348.00 349.00 351.00 353.00 354.00 355.00 357.00 358.00 360.00 364.00 368.00 372.00 376.00 381.00 385.00 389.00 394.00 400.00 408.00 419.00 432.00 444.00 453.00 460.00 465.00 466.00 461.00 447.00 434.00 427.00 425.00 427.00 430.00 433.00 437.00
363.00 358.00 353.00 348.00 345.00 342.00 339.00 336.00 334.00 331.00 329.00 327.00 325.00 324.00 323.00 324.00 325.00 326.00 327.00 328.00 329.00 330.00 331.00 332.00 333.00 334.00 335.00 336.00 337.00 339.00 341.00 342.00 344.00 346.00 348.00 349.00 351.00 352.00 354.00 355.00 356.00 357.00 359.00 361.00 366.00 371.00 376.00 381.00 386.00 391.00 397.00 405.00 414.00 425.00 436.00 448.00 457.00 465.00 471.00 475.00 474.00 465.00 448.00 434.00 430.00 431.00 433.00 436.00 439.00
358.00 353.00 349.00 346.00 343.00 340.00 337.00 334.00 332.00 329.00 326.00 324.00 322.00 321.00 320.00 322.00 323.00 325.00 326.00 327.00 329.00 330.00 331.00 332.00 333.00 334.00 335.00 336.00 338.00 339.00 341.00 343.00 344.00 346.00 348.00 349.00 351.00 352.00 353.00 354.00 355.00 356.00 358.00 360.00 365.00 370.00 376.00 382.00 388.00 394.00 402.00 410.00 420.00 430.00 441.00 450.00 459.00 466.00 473.00 478.00 481.00 478.00 469.00 447.00 438.00 437.00 438.00 439.00 441.00
353.00 349.00 346.00 343.00 340.00 338.00 335.00 332.00 329.00 327.00 324.00 322.00 320.00 319.00 319.00 320.00 322.00 324.00 325.00 327.00 328.00 330.00 331.00 332.00 333.00 335.00 336.00 337.00 338.00 340.00 341.00 343.00 345.00 346.00 348.00 349.00 350.00 352.00 353.00 354.00 355.00 356.00 358.00 360.00 365.00 371.00 377.00 384.00 391.00 398.00 407.00 417.00 427.00 436.00 444.00 452.00 460.00 466.00 472.00 478.00 483.00 484.00 481.00 463.00 451.00 446.00 444.00 444.00 445.00
348.00 346.00 343.00 340.00 338.00 335.00 333.00 330.00 327.00 325.00 322.00 320.00 319.00 318.00 318.00 320.00 321.00 323.00 325.00 326.00 328.00 330.00 331.00 333.00 334.00 335.00 336.00 337.00 339.00 340.00 342.00 343.00 345.00 347.00 348.00 349.00 350.00 352.00 353.00 354.00 355.00 356.00 359.00 362.00 366.00 372.00 380.00 387.00 395.00 404.00 414.00 424.00 434.00 442.00 448.00 454.00 460.00 466.00 471.00 477.00 482.00 486.00 484.00 474.00 463.00 455.00 451.00 449.00 449.00
345.00 342.00 340.00 338.00 336.00 333.00 331.00 328.00 325.00 323.00 320.00 319.00 318.00 318.00 318.00 319.00 321.00 323.00 324.00 326.00 328.00 330.00 331.00 333.00 334.00 335.00 337.00 338.00 339.00 341.00 342.00 344.00 345.00 347.00 348.00 349.00 350.00 352.00 353.00 354.00 355.00 357.00 359.00 363.00 368.00 375.00 383.00 392.00 401.00 411.00 421.00 431.00 440.00 446.00 452.00 456.00 461.00 466.00 471.00 475.00 480.00 485.00 485.00 479.00 470.00 463.00 458.00 455.00 454.00
341.00 339.00 337.00 335.00 333.00 331.00 329.00 326.00 323.00 321.00 319.00 318.00 318.00 318.00 318.00 319.00 321.00 323.00 324.00 326.00 328.00 330.00 332.00 333.00 334.00 336.00 337.00 338.00 340.00 341.00 343.00 344.00 346.00 347.00 348.00 349.00 351.00 352.00 353.00 354.00 355.00 357.00 360.00 365.00 371.00 379.00 388.00 397.00 407.00 418.00 428.00 438.00 445.00 450.00 454.00 458.00 462.00 467.00 471.00 476.00 481.00 485.00 486.00 480.00 474.00 468.00 464.00 461.00 460.00
338.00 336.00 334.00 332.00 331.00 329.00 326.00 324.00 321.00 320.00 318.00 318.00 317.00 317.00 318.00 319.00 321.00 323.00 324.00 326.00 328.00 330.00 332.00 333.00 335.00 336.00 337.00 339.00 340.00 342.00 343.00 344.00 346.00 347.00 349.00 350.00 351.00 352.00 353.00 354.00 356.00 359.00 362.00 368.00 375.00 384.00 393.00 402.00 413.00 424.00 435.00 443.00 449.00 454.00 457.00 460.00 464.00 468.00 473.00 478.00 483.00 486.00 486.00 481.00 476.00 472.00 470.00 468.00 467.00
335.00 333.00 331.00 330.00 328.00 326.00 324.00 322.00 320.00 319.00 318.00 317.00 317.00 317.00 318.00 319.00 321.00 323.00 325.00 326.00 328.00 330.00 332.00 333.00 335.00 336.00 338.00 339.00 340.00 342.00 343.00 345.00 346.00 348.00 349.00 350.00 351.00 353.00 354.00 355.00 358.00 361.00 365.00 372.00 380.00 389.00 398.00 408.00 419.00 430.00 440.00 447.00 453.00 457.00 460.00 463.00 466.00 471.00 476.00 481.00 484.00 486.00 486.00 482.00 477.00 476.00 476.00 475.00 475.00
332.00 330.00 328.00 327.00 325.00 324.00 322.00 320.00 319.00 318.00 317.00 317.00 317.00 317.00 318.00 319.00 321.00 323.00 325.00 327.00 328.00 330.00 332.00 334.00 335.00 336.00 338.00 339.00 341.00 342.00 344.00 345.00 346.00 348.00 349.00 350.00 352.00 353.00 355.00 356.00 359.00 363.00 369.00 376.00 384.00 394.00 403.00 414.00 424.00 435.00 444.00 451.00 455.00 459.00 462.00 465.00 469.00 474.00 479.00 483.00 486.00 487.00 487.00 484.00 480.00 480.00 482.00 483.00 484.00
329.00 327.00 325.00 324.00 322.00 321.00 320.00 319.00 318.00 317.00 317.00 317.00 317.00 317.00 318.00 319.00 321.00 323.00 325.00 327.00 329.00 330.00 332.00 334.00 335.00 337.00 338.00 339.00 341.00 342.00 344.00 345.00 347.00 348.00 349.00 351.00 352.00 354.00 356.00 358.00 361.00 366.00 373.00 381.00 389.00 398.00 408.00 419.00 429.00 438.00 447.00 453.00 458.00 462.00 465.00 468.00 472.00 477.00 481.00 486.00 488.00 489.00 488.00 487.00 485.00 486.00 488.00 490.00 493.00
326.00 324.00 322.00 321.00 320.00 320.00 319.00 318.00 318.00 317.00 317.00 316.00 316.00 317.00 318.00 319.00 321.00 323.00 325.00 327.00 329.00 331.00 332.00 334.00 335.00 336.00 338.00 339.00 341.00 342.00 343.00 345.00 347.00 348.00 350.00 351.00 353.00 355.00 357.00 360.00 364.00 370.00 377.00 386.00 394.00 403.00 413.00 423.00 433.00 442.00 449.00 455.00 460.00 464.00 468.00 472.00 476.00 480.00 485.00 488.00 491.00 492.00 492.00 491.00 491.00 491.00 494.00 497.00 503.00
323.00 321.00 320.00 319.00 319.00 319.00 318.00 318.00 317.00 317.00 317.00 316.00 316.00 317.00 318.00 319.00 321.00 323.00 325.00 327.00 329.00 330.00 332.00 333.00 335.00 336.00 338.00 339.00 340.00 342.00 343.00 345.00 346.00 348.00 350.00 352.00 353.00 356.00 358.00 361.00 367.00 374.00 382.00 391.00 399.00 408.00 417.00 427.00 436.00 444.00 451.00 457.00 462.00 466.00 471.00 476.00 480.00 484.00 488.00 492.00 494.00 495.00 495.00 495.00 495.00 497.00 500.00 504.00 511.00
320.00 319.00 318.00 318.00 318.00 318.00 318.00 318.00 317.00 317.00 317.00 316.00 316.00 317.00 317.00 318.00 320.00 322.00 325.00 327.00 329.00 330.00 332.00 333.00 335.00 336.00 337.00 339.00 340.00 342.00 343.00 345.00 346.00 348.00 350.00 352.00 354.00 356.00 359.00 364.00 370.00 378.00 387.00 395.00 403.00 412.00 420.00 429.00 438.00 445.00 452.00 458.00 463.00 469.00 474.00 479.00 484.00 489.00 492.00 496.00 498.00 499.00 500.00 500.00 500.00 501.00 505.00 511.00 519.00
318.00 317.00 317.00 317.00 318.00 318.00 318.00 318.00 317.00 317.00 317.00 316.00 316.00 316.00 317.00 318.00 319.00 322.00 324.00 326.00 328.00 330.00 332.00 333.00 334.00 335.00 337.00 338.00 340.00 341.00 343.00 344.00 346.00 348.00 350.00 352.00 354.00 357.00 359.00 366.00 373.00 382.00 391.00 399.00 407.00 415.00 422.00 431.00 439.00 446.00 453.00 459.00 465.00 471.00 477.00 483.00 488.00 493.00 497.00 500.00 502.00 503.00 504.00 504.00 504.00 506.00 509.00 515.00 523.00
316.00 316.00 317.00 317.00 317.00 317.00 317.00 317.00 317.00 317.00 317.00 317.00 316.00 316.00 317.00 317.00 318.00 320.00 323.00 325.00 328.00 329.00 331.00 332.00 334.00 335.00 336.00 338.00 339.00 341.00 342.00 344.00 346.00 348.00 350.00 352.00 354.00 357.00 359.00 367.00 375.00 384.00 394.00 402.00 410.00 417.00 424.00 432.00 440.00 448.00 454.00 461.00 467.00 473.00 480.00 486.00 493.00 498.00 502.00 504.00 506.00 508.00 508.00 509.00 509.00 510.00 513.00 519.00 525.00
315.00 316.00 316.00 317.00 317.00 317.00 317.00 317.00 317.00 317.00 317.00 316.00 316.00 316.00 316.00 317.00 317.00 318.00 320.00 323.00 327.00 329.00 330.00 332.00 333.00 335.00 336.00 338.00 339.00 341.00 342.00 344.00 346.00 348.00 349.00 352.00 354.00 356.00 359.00 368.00 377.00 386.00 395.00 404.00 412.00 419.00 426.00 433.00 442.00 450.00 457.00 463.00 469.00 475.00 483.00 490.00 498.00 504.00 508.00 510.00 511.00 512.00 513.00 513.00 514.00 515.00 517.00 522.00 528.00
315.00 315.00 316.00 316.00 317.00 317.00 317.00 317.00 317.00 317.00 317.00 316.00 316.00 316.00 316.00 316.00 317.00 318.00 319.00 322.00 325.00 328.00 329.00 331.00 332.00 334.00 336.00 338.00 339.00 341.00 342.00 344.00 346.00 348.00 349.00 351.00 354.00 356.00 359.00 368.00 377.00 387.00 396.00 406.00 414.00 422.00 429.00 437.00 445.00 453.00 460.00 466.00 471.00 478.00 486.00 495.00 503.00 510.00 515.00 518.00 517.00 517.00 517.00 518.00 518.00 519.00 522.00 526.00 531.00
