models/BDALTI_Alpe_d_huez_simple.asc
ncols        400
nrows        20
xllcorner    939987.50000000
yllcorner    6440012.50000000
cellsize     25.00000000
NODATA_value -99999.00
[rows 0 to 19 of 20, columns 134 to 200 of 400]
2294.00 2306.00 2316.00 2324.00 2330.00 2335.00 2338.00 2341.00 2342.00 2346.00 2352.00 2366.00 2385.00 2406.00 2424.00 2436.00 2441.00 2439.00 2428.00 2419.00 2420.00 2427.00 2435.00 2447.00 2461.00 2476.00 2491.00 2506.00 2519.00 2529.00 2537.00 2543.00 2549.00 2555.00 2561.00 2567.00 2573.00 2580.00 2591.00 2608.00 2629.00 2649.00 2669.00 2684.00 2693.00 2700.00 2706.00 2713.00 2722.00 2735.00 2752.00 2771.00 2792.00 2812.00 2837.00 2861.00 2879.00 2897.00 2915.00 2931.00 2939.00 2931.00 2910.00 2888.00 2870.00 2854.00 2841.00
2295.00 2307.00 2317.00 2324.00 2329.00 2334.00 2337.00 2340.00 2343.00 2346.00 2352.00 2365.00 2383.00 2402.00 2416.00 2423.00 2423.00 2417.00 2408.00 2402.00 2408.00 2423.00 2438.00 2451.00 2464.00 2478.00 2493.00 2507.00 2520.00 2529.00 2536.00 2541.00 2547.00 2552.00 2559.00 2565.00 2571.00 2581.00 2594.00 2613.00 2633.00 2653.00 2672.00 2685.00 2693.00 2700.00 2706.00 2715.00 2726.00 2741.00 2760.00 2781.00 2801.00 2820.00 2840.00 2859.00 2877.00 2895.00 2913.00 2927.00 2932.00 2921.00 2898.00 2877.00 2860.00 2844.00 2831.00
2297.00 2307.00 2316.00 2323.00 2328.00 2333.00 2337.00 2340.00 2343.00 2346.00 2352.00 2364.00 2380.00 2397.00 2405.00 2406.00 2402.00 2397.00 2396.00 2402.00 2414.00 2428.00 2442.00 2455.00 2467.00 2480.00 2494.00 2508.00 2520.00 2529.00 2535.00 2540.00 2544.00 2549.00 2554.00 2559.00 2568.00 2581.00 2597.00 2616.00 2635.00 2653.00 2669.00 2682.00 2691.00 2698.00 2705.00 2715.00 2727.00 2744.00 2763.00 2785.00 2805.00 2822.00 2840.00 2857.00 2874.00 2892.00 2910.00 2922.00 2924.00 2911.00 2889.00 2869.00 2851.00 2836.00 2822.00
2298.00 2307.00 2314.00 2321.00 2326.00 2331.00 2336.00 2340.00 2343.00 2347.00 2353.00 2363.00 2376.00 2386.00 2390.00 2387.00 2380.00 2378.00 2389.00 2406.00 2421.00 2434.00 2446.00 2458.00 2469.00 2481.00 2494.00 2508.00 2519.00 2528.00 2534.00 2538.00 2542.00 2545.00 2549.00 2555.00 2566.00 2582.00 2600.00 2619.00 2637.00 2653.00 2666.00 2677.00 2687.00 2695.00 2703.00 2713.00 2727.00 2743.00 2763.00 2784.00 2804.00 2821.00 2837.00 2854.00 2872.00 2890.00 2907.00 2918.00 2915.00 2901.00 2882.00 2862.00 2844.00 2828.00 2813.00
2297.00 2305.00 2312.00 2319.00 2325.00 2330.00 2335.00 2340.00 2343.00 2348.00 2353.00 2361.00 2369.00 2374.00 2374.00 2368.00 2359.00 2364.00 2389.00 2411.00 2427.00 2439.00 2449.00 2458.00 2468.00 2480.00 2493.00 2506.00 2517.00 2526.00 2532.00 2536.00 2539.00 2542.00 2546.00 2553.00 2565.00 2583.00 2602.00 2622.00 2639.00 2652.00 2663.00 2672.00 2681.00 2690.00 2699.00 2711.00 2725.00 2741.00 2760.00 2782.00 2802.00 2819.00 2835.00 2852.00 2869.00 2887.00 2902.00 2909.00 2903.00 2889.00 2872.00 2854.00 2836.00 2820.00 2804.00
2296.00 2303.00 2310.00 2317.00 2323.00 2330.00 2335.00 2340.00 2344.00 2348.00 2353.00 2358.00 2362.00 2362.00 2358.00 2353.00 2347.00 2360.00 2390.00 2415.00 2429.00 2440.00 2447.00 2454.00 2464.00 2477.00 2491.00 2503.00 2513.00 2522.00 2529.00 2533.00 2536.00 2539.00 2543.00 2552.00 2566.00 2585.00 2605.00 2624.00 2640.00 2652.00 2660.00 2668.00 2676.00 2685.00 2696.00 2708.00 2723.00 2738.00 2757.00 2778.00 2799.00 2816.00 2832.00 2849.00 2866.00 2883.00 2896.00 2899.00 2891.00 2877.00 2861.00 2845.00 2828.00 2811.00 2796.00
2295.00 2302.00 2308.00 2315.00 2322.00 2329.00 2334.00 2339.00 2343.00 2347.00 2351.00 2353.00 2353.00 2349.00 2343.00 2340.00 2346.00 2366.00 2394.00 2415.00 2427.00 2433.00 2439.00 2447.00 2458.00 2473.00 2486.00 2498.00 2509.00 2518.00 2525.00 2530.00 2534.00 2537.00 2541.00 2551.00 2567.00 2587.00 2607.00 2624.00 2638.00 2649.00 2657.00 2663.00 2671.00 2680.00 2691.00 2704.00 2718.00 2734.00 2752.00 2774.00 2795.00 2814.00 2830.00 2846.00 2863.00 2879.00 2891.00 2892.00 2881.00 2865.00 2849.00 2834.00 2818.00 2802.00 2788.00
2293.00 2301.00 2307.00 2315.00 2322.00 2328.00 2334.00 2338.00 2342.00 2345.00 2347.00 2346.00 2343.00 2337.00 2329.00 2331.00 2346.00 2373.00 2397.00 2413.00 2423.00 2429.00 2433.00 2441.00 2453.00 2467.00 2480.00 2493.00 2504.00 2513.00 2521.00 2527.00 2531.00 2534.00 2540.00 2551.00 2568.00 2589.00 2608.00 2623.00 2635.00 2645.00 2652.00 2659.00 2666.00 2675.00 2685.00 2698.00 2713.00 2729.00 2747.00 2768.00 2791.00 2811.00 2828.00 2845.00 2861.00 2876.00 2887.00 2886.00 2872.00 2854.00 2837.00 2822.00 2808.00 2793.00 2778.00
2291.00 2300.00 2309.00 2316.00 2323.00 2328.00 2332.00 2336.00 2340.00 2341.00 2341.00 2337.00 2331.00 2323.00 2316.00 2325.00 2348.00 2378.00 2399.00 2413.00 2421.00 2426.00 2431.00 2439.00 2449.00 2462.00 2475.00 2488.00 2499.00 2508.00 2515.00 2521.00 2526.00 2532.00 2540.00 2552.00 2570.00 2592.00 2609.00 2621.00 2631.00 2639.00 2646.00 2653.00 2661.00 2669.00 2678.00 2691.00 2706.00 2724.00 2741.00 2762.00 2787.00 2809.00 2826.00 2842.00 2859.00 2874.00 2883.00 2879.00 2863.00 2843.00 2826.00 2811.00 2797.00 2782.00 2767.00
2288.00 2298.00 2309.00 2318.00 2323.00 2326.00 2330.00 2333.00 2335.00 2335.00 2332.00 2326.00 2316.00 2308.00 2308.00 2323.00 2349.00 2376.00 2397.00 2411.00 2419.00 2424.00 2430.00 2437.00 2448.00 2460.00 2472.00 2484.00 2493.00 2501.00 2508.00 2515.00 2522.00 2530.00 2541.00 2556.00 2574.00 2594.00 2609.00 2619.00 2626.00 2633.00 2639.00 2647.00 2655.00 2663.00 2672.00 2683.00 2699.00 2717.00 2736.00 2757.00 2782.00 2805.00 2822.00 2839.00 2856.00 2871.00 2880.00 2872.00 2852.00 2831.00 2814.00 2799.00 2785.00 2771.00 2757.00
2284.00 2294.00 2305.00 2315.00 2321.00 2324.00 2326.00 2327.00 2328.00 2327.00 2320.00 2310.00 2299.00 2294.00 2302.00 2325.00 2354.00 2378.00 2396.00 2408.00 2416.00 2422.00 2428.00 2436.00 2446.00 2457.00 2469.00 2479.00 2487.00 2495.00 2503.00 2510.00 2518.00 2528.00 2542.00 2560.00 2579.00 2597.00 2608.00 2615.00 2620.00 2625.00 2631.00 2639.00 2647.00 2656.00 2665.00 2676.00 2692.00 2711.00 2730.00 2752.00 2776.00 2799.00 2817.00 2835.00 2852.00 2867.00 2873.00 2863.00 2841.00 2819.00 2802.00 2788.00 2774.00 2761.00 2749.00
2278.00 2287.00 2299.00 2310.00 2317.00 2320.00 2320.00 2320.00 2319.00 2314.00 2305.00 2292.00 2283.00 2287.00 2306.00 2336.00 2363.00 2381.00 2395.00 2405.00 2412.00 2418.00 2424.00 2433.00 2444.00 2454.00 2463.00 2472.00 2481.00 2491.00 2500.00 2508.00 2516.00 2529.00 2545.00 2564.00 2585.00 2599.00 2607.00 2610.00 2612.00 2616.00 2622.00 2629.00 2638.00 2648.00 2659.00 2671.00 2688.00 2706.00 2725.00 2747.00 2770.00 2793.00 2812.00 2831.00 2848.00 2860.00 2864.00 2853.00 2831.00 2807.00 2790.00 2777.00 2764.00 2751.00 2740.00
2273.00 2281.00 2292.00 2302.00 2309.00 2312.00 2313.00 2311.00 2306.00 2299.00 2288.00 2277.00 2274.00 2286.00 2310.00 2340.00 2366.00 2382.00 2394.00 2402.00 2409.00 2414.00 2420.00 2429.00 2440.00 2449.00 2457.00 2467.00 2477.00 2489.00 2499.00 2508.00 2519.00 2532.00 2547.00 2566.00 2586.00 2599.00 2603.00 2603.00 2603.00 2605.00 2610.00 2618.00 2627.00 2639.00 2652.00 2667.00 2684.00 2702.00 2721.00 2743.00 2766.00 2788.00 2809.00 2827.00 2843.00 2854.00 2856.00 2845.00 2822.00 2798.00 2780.00 2766.00 2753.00 2740.00 2730.00
2269.00 2276.00 2285.00 2294.00 2301.00 2304.00 2304.00 2300.00 2292.00 2281.00 2271.00 2264.00 2270.00 2288.00 2312.00 2341.00 2365.00 2381.00 2392.00 2401.00 2405.00 2408.00 2413.00 2422.00 2433.00 2441.00 2450.00 2462.00 2475.00 2487.00 2498.00 2509.00 2521.00 2535.00 2551.00 2567.00 2583.00 2594.00 2597.00 2596.00 2594.00 2594.00 2598.00 2605.00 2617.00 2630.00 2645.00 2661.00 2679.00 2699.00 2719.00 2740.00 2763.00 2785.00 2806.00 2823.00 2839.00 2850.00 2851.00 2838.00 2815.00 2790.00 2770.00 2754.00 2741.00 2730.00 2720.00
2266.00 2272.00 2280.00 2287.00 2292.00 2294.00 2293.00 2287.00 2277.00 2264.00 2256.00 2255.00 2269.00 2291.00 2315.00 2342.00 2364.00 2379.00 2390.00 2398.00 2400.00 2399.00 2405.00 2415.00 2426.00 2436.00 2446.00 2458.00 2470.00 2481.00 2493.00 2506.00 2523.00 2538.00 2552.00 2566.00 2578.00 2587.00 2590.00 2587.00 2583.00 2581.00 2584.00 2593.00 2606.00 2621.00 2636.00 2652.00 2670.00 2691.00 2713.00 2736.00 2761.00 2784.00 2802.00 2819.00 2835.00 2846.00 2847.00 2833.00 2808.00 2781.00 2760.00 2744.00 2731.00 2720.00 2711.00
2263.00 2268.00 2274.00 2280.00 2283.00 2283.00 2279.00 2272.00 2261.00 2248.00 2245.00 2250.00 2269.00 2296.00 2323.00 2346.00 2364.00 2377.00 2385.00 2390.00 2390.00 2391.00 2398.00 2409.00 2421.00 2433.00 2445.00 2455.00 2464.00 2472.00 2483.00 2504.00 2524.00 2538.00 2551.00 2563.00 2573.00 2578.00 2580.00 2577.00 2571.00 2566.00 2569.00 2580.00 2595.00 2610.00 2625.00 2640.00 2656.00 2676.00 2700.00 2731.00 2760.00 2781.00 2796.00 2812.00 2828.00 2841.00 2845.00 2830.00 2802.00 2774.00 2752.00 2735.00 2722.00 2712.00 2703.00
2259.00 2264.00 2268.00 2272.00 2273.00 2270.00 2264.00 2255.00 2246.00 2238.00 2239.00 2248.00 2270.00 2304.00 2330.00 2348.00 2364.00 2374.00 2379.00 2380.00 2379.00 2381.00 2390.00 2403.00 2417.00 2430.00 2441.00 2450.00 2458.00 2467.00 2479.00 2500.00 2519.00 2533.00 2547.00 2559.00 2566.00 2568.00 2567.00 2565.00 2558.00 2551.00 2556.00 2567.00 2581.00 2596.00 2610.00 2624.00 2639.00 2663.00 2689.00 2720.00 2749.00 2770.00 2785.00 2802.00 2819.00 2834.00 2841.00 2827.00 2799.00 2768.00 2747.00 2730.00 2716.00 2705.00 2696.00
2254.00 2257.00 2260.00 2263.00 2263.00 2257.00 2248.00 2239.00 2233.00 2232.00 2237.00 2249.00 2273.00 2311.00 2334.00 2352.00 2364.00 2371.00 2373.00 2371.00 2367.00 2370.00 2381.00 2396.00 2410.00 2424.00 2437.00 2445.00 2452.00 2464.00 2479.00 2495.00 2511.00 2527.00 2542.00 2551.00 2554.00 2552.00 2549.00 2545.00 2540.00 2537.00 2543.00 2554.00 2567.00 2581.00 2594.00 2608.00 2626.00 2652.00 2678.00 2704.00 2728.00 2752.00 2771.00 2791.00 2810.00 2827.00 2834.00 2823.00 2795.00 2766.00 2743.00 2725.00 2711.00 2699.00 2690.00
2247.00 2247.00 2250.00 2253.00 2251.00 2243.00 2233.00 2225.00 2223.00 2228.00 2238.00 2255.00 2296.00 2318.00 2333.00 2348.00 2360.00 2366.00 2368.00 2364.00 2359.00 2361.00 2371.00 2385.00 2399.00 2414.00 2429.00 2437.00 2445.00 2460.00 2475.00 2491.00 2508.00 2525.00 2537.00 2543.00 2541.00 2535.00 2530.00 2525.00 2522.00 2523.00 2531.00 2542.00 2554.00 2567.00 2580.00 2595.00 2615.00 2638.00 2666.00 2692.00 2714.00 2738.00 2760.00 2781.00 2801.00 2819.00 2827.00 2819.00 2794.00 2766.00 2742.00 2723.00 2709.00 2696.00 2686.00
2240.00 2238.00 2239.00 2240.00 2237.00 2227.00 2219.00 2214.00 2215.00 2225.00 2242.00 2265.00 2297.00 2313.00 2322.00 2331.00 2350.00 2361.00 2362.00 2358.00 2354.00 2356.00 2366.00 2378.00 2389.00 2403.00 2417.00 2429.00 2440.00 2455.00 2471.00 2491.00 2512.00 2526.00 2534.00 2535.00 2529.00 2521.00 2513.00 2508.00 2507.00 2511.00 2520.00 2531.00 2542.00 2554.00 2568.00 2583.00 2603.00 2629.00 2662.00 2689.00 2709.00 2730.00 2752.00 2773.00 2792.00 2810.00 2819.00 2816.00 2796.00 2767.00 2743.00 2724.00 2709.00 2695.00 2682.00
