models/BDALTI_Alpe_d_huez_simple.asc
ncols        400
nrows        20
xllcorner    939987.50000000
yllcorner    6440012.50000000
cellsize     25.00000000
NODATA_value -99999.00
[rows 0 to 19 of 20, columns 67 to 133 of 400]
1955.00 1957.00 1959.00 1963.00 1968.00 1972.00 1976.00 1980.00 1984.00 1989.00 1994.00 1998.00 2002.00 2005.00 2008.00 2011.00 2014.00 2018.00 2025.00 2031.00 2038.00 2042.00 2045.00 2047.00 2049.00 2050.00 2051.00 2051.00 2050.00 2049.00 2048.00 2050.00 2056.00 2063.00 2069.00 2073.00 2077.00 2081.00 2085.00 2088.00 2092.00 2096.00 2099.00 2102.00 2105.00 2108.00 2112.00 2116.00 2120.00 2125.00 2131.00 2139.00 2154.00 2177.00 2197.00 2209.00 2217.00 2224.00 2229.00 2232.00 2235.00 2239.00 2246.00 2255.00 2264.00 2272.00 2282.00
1951.00 1953.00 1957.00 1961.00 1965.00 1970.00 1974.00 1978.00 1983.00 1988.00 1994.00 1999.00 2003.00 2007.00 2010.00 2013.00 2017.00 2022.00 2028.00 2035.00 2040.00 2044.00 2047.00 2050.00 2052.00 2054.00 2055.00 2056.00 2056.00 2056.00 2056.00 2059.00 2063.00 2070.00 2075.00 2078.00 2081.00 2084.00 2087.00 2090.00 2094.00 2098.00 2101.00 2104.00 2107.00 2111.00 2114.00 2118.00 2122.00 2127.00 2132.00 2140.00 2155.00 2179.00 2197.00 2205.00 2212.00 2219.00 2225.00 2229.00 2234.00 2240.00 2248.00 2258.00 2268.00 2276.00 2285.00
1947.00 1950.00 1954.00 1959.00 1963.00 1968.00 1972.00 1977.00 1982.00 1988.00 1994.00 1999.00 2003.00 2007.00 2011.00 2014.00 2019.00 2024.00 2030.00 2037.00 2042.00 2045.00 2049.00 2051.00 2054.00 2057.00 2059.00 2061.00 2062.00 2063.00 2064.00 2066.00 2071.00 2076.00 2081.00 2083.00 2085.00 2087.00 2089.00 2093.00 2096.00 2100.00 2103.00 2107.00 2110.00 2113.00 2117.00 2121.00 2125.00 2130.00 2135.00 2143.00 2156.00 2176.00 2193.00 2202.00 2209.00 2215.00 2222.00 2228.00 2234.00 2242.00 2251.00 2261.00 2272.00 2281.00 2288.00
1943.00 1947.00 1951.00 1957.00 1962.00 1967.00 1972.00 1977.00 1982.00 1987.00 1993.00 1998.00 2003.00 2008.00 2012.00 2016.00 2020.00 2025.00 2032.00 2037.00 2042.00 2046.00 2049.00 2052.00 2056.00 2059.00 2062.00 2064.00 2066.00 2068.00 2070.00 2073.00 2077.00 2082.00 2085.00 2087.00 2089.00 2090.00 2093.00 2095.00 2098.00 2101.00 2105.00 2109.00 2112.00 2116.00 2120.00 2124.00 2129.00 2133.00 2139.00 2147.00 2159.00 2175.00 2190.00 2200.00 2208.00 2214.00 2221.00 2227.00 2235.00 2243.00 2253.00 2263.00 2273.00 2282.00 2290.00
1940.00 1944.00 1949.00 1955.00 1961.00 1966.00 1971.00 1976.00 1981.00 1987.00 1992.00 1998.00 2003.00 2008.00 2012.00 2017.00 2021.00 2027.00 2032.00 2038.00 2042.00 2046.00 2050.00 2053.00 2057.00 2060.00 2063.00 2066.00 2069.00 2072.00 2075.00 2078.00 2082.00 2085.00 2088.00 2090.00 2092.00 2093.00 2095.00 2097.00 2100.00 2103.00 2107.00 2111.00 2115.00 2119.00 2123.00 2127.00 2132.00 2137.00 2142.00 2150.00 2161.00 2174.00 2188.00 2199.00 2208.00 2214.00 2221.00 2228.00 2235.00 2244.00 2254.00 2263.00 2272.00 2279.00 2288.00
1937.00 1942.00 1948.00 1954.00 1960.00 1965.00 1970.00 1975.00 1981.00 1986.00 1992.00 1997.00 2002.00 2008.00 2012.00 2017.00 2022.00 2028.00 2033.00 2038.00 2042.00 2046.00 2050.00 2054.00 2057.00 2060.00 2064.00 2068.00 2071.00 2074.00 2078.00 2081.00 2084.00 2087.00 2090.00 2093.00 2094.00 2095.00 2096.00 2098.00 2100.00 2103.00 2108.00 2112.00 2117.00 2121.00 2126.00 2130.00 2134.00 2139.00 2144.00 2152.00 2161.00 2174.00 2187.00 2199.00 2207.00 2215.00 2222.00 2229.00 2237.00 2245.00 2254.00 2263.00 2271.00 2279.00 2288.00
1935.00 1940.00 1947.00 1953.00 1959.00 1964.00 1970.00 1975.00 1980.00 1986.00 1991.00 1996.00 2002.00 2007.00 2013.00 2018.00 2023.00 2028.00 2033.00 2038.00 2042.00 2046.00 2050.00 2054.00 2057.00 2061.00 2064.00 2068.00 2071.00 2075.00 2079.00 2082.00 2086.00 2089.00 2092.00 2094.00 2095.00 2096.00 2096.00 2097.00 2100.00 2103.00 2108.00 2113.00 2119.00 2123.00 2128.00 2132.00 2136.00 2141.00 2146.00 2152.00 2161.00 2173.00 2185.00 2197.00 2206.00 2215.00 2222.00 2230.00 2238.00 2246.00 2254.00 2262.00 2271.00 2279.00 2287.00
1933.00 1939.00 1946.00 1952.00 1958.00 1964.00 1969.00 1974.00 1979.00 1985.00 1990.00 1996.00 2001.00 2007.00 2012.00 2018.00 2023.00 2028.00 2033.00 2038.00 2042.00 2046.00 2050.00 2053.00 2057.00 2060.00 2064.00 2067.00 2071.00 2074.00 2078.00 2082.00 2086.00 2089.00 2092.00 2093.00 2094.00 2095.00 2095.00 2095.00 2098.00 2102.00 2107.00 2113.00 2119.00 2124.00 2129.00 2133.00 2137.00 2141.00 2146.00 2152.00 2161.00 2172.00 2184.00 2195.00 2205.00 2214.00 2222.00 2230.00 2238.00 2245.00 2253.00 2261.00 2270.00 2278.00 2286.00
1932.00 1939.00 1945.00 1952.00 1958.00 1963.00 1968.00 1973.00 1978.00 1983.00 1989.00 1995.00 2001.00 2006.00 2012.00 2017.00 2022.00 2027.00 2033.00 2038.00 2042.00 2046.00 2049.00 2053.00 2056.00 2060.00 2063.00 2066.00 2070.00 2073.00 2077.00 2081.00 2084.00 2088.00 2090.00 2091.00 2092.00 2092.00 2091.00 2092.00 2095.00 2100.00 2106.00 2112.00 2118.00 2124.00 2129.00 2133.00 2137.00 2141.00 2146.00 2152.00 2160.00 2171.00 2183.00 2195.00 2205.00 2214.00 2222.00 2229.00 2236.00 2244.00 2252.00 2260.00 2268.00 2276.00 2284.00
1932.00 1938.00 1945.00 1951.00 1957.00 1963.00 1968.00 1972.00 1977.00 1982.00 1987.00 1994.00 2000.00 2006.00 2011.00 2016.00 2021.00 2026.00 2031.00 2036.00 2041.00 2045.00 2048.00 2052.00 2055.00 2058.00 2062.00 2065.00 2068.00 2071.00 2074.00 2078.00 2082.00 2085.00 2087.00 2087.00 2088.00 2088.00 2086.00 2087.00 2092.00 2098.00 2104.00 2110.00 2116.00 2122.00 2127.00 2132.00 2136.00 2141.00 2146.00 2152.00 2160.00 2170.00 2181.00 2194.00 2204.00 2213.00 2220.00 2227.00 2235.00 2242.00 2250.00 2257.00 2265.00 2273.00 2280.00
1932.00 1938.00 1945.00 1952.00 1957.00 1963.00 1968.00 1972.00 1976.00 1980.00 1986.00 1993.00 1999.00 2005.00 2010.00 2015.00 2020.00 2025.00 2030.00 2035.00 2040.00 2044.00 2047.00 2050.00 2053.00 2057.00 2060.00 2063.00 2066.00 2069.00 2072.00 2075.00 2078.00 2081.00 2082.00 2082.00 2083.00 2082.00 2081.00 2084.00 2090.00 2096.00 2103.00 2108.00 2113.00 2118.00 2124.00 2130.00 2135.00 2140.00 2146.00 2151.00 2158.00 2168.00 2180.00 2192.00 2203.00 2211.00 2219.00 2226.00 2233.00 2241.00 2248.00 2255.00 2262.00 2268.00 2275.00
1932.00 1939.00 1945.00 1952.00 1958.00 1963.00 1968.00 1972.00 1975.00 1979.00 1985.00 1992.00 1999.00 2004.00 2009.00 2013.00 2018.00 2023.00 2028.00 2033.00 2038.00 2042.00 2045.00 2048.00 2052.00 2055.00 2058.00 2061.00 2064.00 2067.00 2069.00 2072.00 2074.00 2076.00 2077.00 2077.00 2078.00 2079.00 2080.00 2083.00 2089.00 2095.00 2102.00 2107.00 2111.00 2116.00 2122.00 2128.00 2134.00 2139.00 2144.00 2150.00 2156.00 2165.00 2177.00 2190.00 2202.00 2210.00 2218.00 2225.00 2232.00 2239.00 2245.00 2252.00 2258.00 2265.00 2271.00
1932.00 1939.00 1945.00 1952.00 1958.00 1963.00 1968.00 1971.00 1975.00 1979.00 1985.00 1991.00 1997.00 2003.00 2007.00 2011.00 2016.00 2021.00 2026.00 2030.00 2035.00 2040.00 2043.00 2046.00 2050.00 2053.00 2056.00 2059.00 2062.00 2064.00 2066.00 2068.00 2069.00 2070.00 2071.00 2072.00 2074.00 2076.00 2079.00 2084.00 2089.00 2095.00 2101.00 2106.00 2111.00 2116.00 2121.00 2127.00 2133.00 2138.00 2143.00 2148.00 2154.00 2163.00 2175.00 2189.00 2200.00 2209.00 2216.00 2223.00 2229.00 2235.00 2242.00 2249.00 2255.00 2261.00 2267.00
1933.00 1939.00 1945.00 1952.00 1958.00 1963.00 1967.00 1971.00 1975.00 1979.00 1984.00 1990.00 1996.00 2000.00 2005.00 2009.00 2014.00 2018.00 2023.00 2028.00 2032.00 2037.00 2041.00 2044.00 2047.00 2051.00 2054.00 2057.00 2059.00 2061.00 2063.00 2064.00 2064.00 2065.00 2066.00 2067.00 2070.00 2074.00 2079.00 2084.00 2090.00 2095.00 2101.00 2106.00 2111.00 2116.00 2121.00 2127.00 2132.00 2136.00 2141.00 2146.00 2152.00 2161.00 2173.00 2186.00 2198.00 2207.00 2215.00 2221.00 2227.00 2233.00 2239.00 2246.00 2253.00 2259.00 2264.00
1932.00 1938.00 1945.00 1951.00 1957.00 1962.00 1966.00 1970.00 1974.00 1978.00 1983.00 1988.00 1993.00 1998.00 2002.00 2007.00 2011.00 2016.00 2020.00 2025.00 2029.00 2034.00 2038.00 2042.00 2045.00 2049.00 2052.00 2054.00 2056.00 2058.00 2059.00 2059.00 2060.00 2060.00 2061.00 2064.00 2067.00 2073.00 2078.00 2084.00 2090.00 2095.00 2101.00 2106.00 2111.00 2116.00 2121.00 2126.00 2130.00 2135.00 2139.00 2144.00 2150.00 2158.00 2169.00 2183.00 2195.00 2205.00 2213.00 2220.00 2226.00 2231.00 2238.00 2245.00 2252.00 2257.00 2262.00
1932.00 1937.00 1943.00 1949.00 1955.00 1960.00 1964.00 1967.00 1972.00 1976.00 1981.00 1986.00 1990.00 1995.00 2000.00 2004.00 2008.00 2013.00 2017.00 2022.00 2026.00 2031.00 2035.00 2039.00 2043.00 2046.00 2049.00 2051.00 2053.00 2055.00 2055.00 2055.00 2055.00 2056.00 2058.00 2061.00 2066.00 2072.00 2078.00 2084.00 2090.00 2095.00 2101.00 2106.00 2111.00 2117.00 2121.00 2125.00 2128.00 2132.00 2137.00 2142.00 2148.00 2155.00 2166.00 2179.00 2193.00 2204.00 2213.00 2219.00 2225.00 2231.00 2237.00 2244.00 2250.00 2255.00 2259.00
1930.00 1936.00 1941.00 1946.00 1952.00 1956.00 1960.00 1965.00 1969.00 1974.00 1978.00 1983.00 1987.00 1992.00 1997.00 2001.00 2005.00 2010.00 2014.00 2018.00 2023.00 2027.00 2032.00 2036.00 2040.00 2043.00 2046.00 2048.00 2050.00 2051.00 2051.00 2051.00 2051.00 2052.00 2055.00 2059.00 2065.00 2072.00 2078.00 2084.00 2090.00 2095.00 2100.00 2105.00 2110.00 2116.00 2120.00 2123.00 2125.00 2130.00 2135.00 2140.00 2146.00 2153.00 2163.00 2177.00 2191.00 2203.00 2212.00 2218.00 2224.00 2231.00 2238.00 2244.00 2249.00 2252.00 2256.00
1928.00 1933.00 1938.00 1943.00 1948.00 1953.00 1957.00 1961.00 1966.00 1971.00 1975.00 1980.00 1984.00 1989.00 1993.00 1998.00 2002.00 2007.00 2011.00 2015.00 2019.00 2024.00 2028.00 2033.00 2037.00 2040.00 2043.00 2045.00 2046.00 2048.00 2048.00 2047.00 2047.00 2049.00 2053.00 2058.00 2065.00 2072.00 2078.00 2084.00 2089.00 2093.00 2098.00 2103.00 2108.00 2113.00 2117.00 2119.00 2122.00 2127.00 2132.00 2138.00 2143.00 2151.00 2161.00 2174.00 2188.00 2200.00 2209.00 2216.00 2223.00 2230.00 2237.00 2242.00 2246.00 2249.00 2251.00
1926.00 1930.00 1935.00 1940.00 1944.00 1949.00 1953.00 1958.00 1963.00 1967.00 1972.00 1976.00 1981.00 1986.00 1990.00 1995.00 1999.00 2003.00 2008.00 2012.00 2016.00 2020.00 2025.00 2029.00 2033.00 2036.00 2039.00 2041.00 2043.00 2044.00 2044.00 2044.00 2043.00 2046.00 2051.00 2058.00 2064.00 2071.00 2078.00 2083.00 2087.00 2091.00 2095.00 2100.00 2105.00 2109.00 2113.00 2115.00 2119.00 2124.00 2130.00 2136.00 2142.00 2149.00 2158.00 2170.00 2183.00 2196.00 2205.00 2212.00 2219.00 2226.00 2233.00 2238.00 2242.00 2244.00 2246.00
1922.00 1927.00 1931.00 1936.00 1940.00 1945.00 1950.00 1955.00 1959.00 1964.00 1969.00 1973.00 1978.00 1982.00 1987.00 1991.00 1996.00 2000.00 2004.00 2008.00 2012.00 2017.00 2021.00 2025.00 2029.00 2032.00 2034.00 2036.00 2038.00 2039.00 2040.00 2040.00 2040.00 2044.00 2050.00 2057.00 2064.00 2071.00 2077.00 2081.00 2084.00 2088.00 2092.00 2097.00 2101.00 2105.00 2108.00 2112.00 2117.00 2122.00 2128.00 2134.00 2140.00 2147.00 2155.00 2166.00 2178.00 2189.00 2199.00 2207.00 2214.00 2221.00 2228.00 2233.00 2236.00 2238.00 2239.00
